0 0 3 0
1 0.01 2.99985 -0.0299121
2 0.02 2.9994 -0.0596472
3 0.03 2.99866 -0.089203
4 0.04 2.99762 -0.118578
5 0.05 2.99629 -0.147769
6 0.06 2.99466 -0.176775
7 0.07 2.99275 -0.205594
8 0.08 2.99055 -0.234224
9 0.09 2.98807 -0.262662
10 0.1 2.9853 -0.290908
11 0.11 2.98225 -0.318959
12 0.12 2.97892 -0.346813
13 0.13 2.97532 -0.374469
14 0.14 2.97143 -0.401924
15 0.15 2.96728 -0.429178
16 0.16 2.96285 -0.456228
17 0.17 2.95815 -0.483073
18 0.18 2.95319 -0.509711
19 0.19 2.94796 -0.536141
20 0.2 2.94247 -0.56236
21 0.21 2.93671 -0.588367
22 0.22 2.9307 -0.614162
23 0.23 2.92443 -0.639742
24 0.24 2.91791 -0.665105
25 0.25 2.91113 -0.690251
26 0.26 2.9041 -0.715178
27 0.27 2.89683 -0.739885
28 0.28 2.88931 -0.764369
29 0.29 2.88154 -0.788631
30 0.3 2.87353 -0.812669
31 0.31 2.86529 -0.83648
32 0.32 2.8568 -0.860065
33 0.33 2.84809 -0.883422
34 0.34 2.83914 -0.90655
35 0.35 2.82996 -0.929447
36 0.36 2.82055 -0.952113
37 0.37 2.81092 -0.974546
38 0.38 2.80106 -0.996746
39 0.39 2.79098 -1.01871
40 0.4 2.78069 -1.04044
41 0.41 2.77017 -1.06193
42 0.42 2.75945 -1.08319
43 0.43 2.74851 -1.10421
44 0.44 2.73736 -1.12498
45 0.45 2.72601 -1.14552
46 0.46 2.71445 -1.16582
47 0.47 2.7027 -1.18587
48 0.48 2.69074 -1.20568
49 0.49 2.67858 -1.22525
50 0.5 2.66623 -1.24458
51 0.51 2.65369 -1.26366
52 0.52 2.64096 -1.28249
53 0.53 2.62804 -1.30108
54 0.54 2.61494 -1.31942
55 0.55 2.60166 -1.33752
56 0.56 2.58819 -1.35536
57 0.57 2.57455 -1.37296
58 0.58 2.56073 -1.39031
59 0.59 2.54674 -1.40742
60 0.6 2.53258 -1.42427
61 0.61 2.51826 -1.44087
62 0.62 2.50377 -1.45722
63 0.63 2.48912 -1.47332
64 0.64 2.4743 -1.48917
65 0.65 2.45933 -1.50477
66 0.66 2.44421 -1.52012
67 0.67 2.42893 -1.53521
68 0.68 2.4135 -1.55006
69 0.69 2.39793 -1.56465
70 0.7 2.38221 -1.57899
71 0.71 2.36635 -1.59307
72 0.72 2.35035 -1.60691
73 0.73 2.33421 -1.62049
74 0.74 2.31794 -1.63382
75 0.75 2.30154 -1.64689
76 0.76 2.28501 -1.65972
77 0.77 2.26835 -1.67229
78 0.78 2.25156 -1.6846
79 0.79 2.23465 -1.69667
80 0.8 2.21763 -1.70848
81 0.81 2.20049 -1.72004
82 0.82 2.18323 -1.73135
83 0.83 2.16586 -1.74241
84 0.84 2.14838 -1.75321
85 0.85 2.1308 -1.76377
86 0.86 2.11311 -1.77407
87 0.87 2.09532 -1.78412
88 0.88 2.07743 -1.79392
89 0.89 2.05944 -1.80347
90 0.9 2.04136 -1.81277
91 0.91 2.02318 -1.82182
92 0.92 2.00492 -1.83062
93 0.93 1.98657 -1.83917
94 0.94 1.96814 -1.84748
95 0.95 1.94962 -1.85553
96 0.96 1.93103 -1.86334
97 0.97 1.91236 -1.8709
98 0.98 1.89361 -1.87822
99 0.99 1.87479 -1.88528
100 1 1.85591 -1.89211
101 1.01 1.83695 -1.89869
102 1.02 1.81793 -1.90502
103 1.03 1.79885 -1.91111
104 1.04 1.77971 -1.91696
105 1.05 1.76051 -1.92257
106 1.06 1.74126 -1.92794
107 1.07 1.72196 -1.93306
108 1.08 1.7026 -1.93795
109 1.09 1.6832 -1.94259
110 1.1 1.66375 -1.947
111 1.11 1.64426 -1.95117
112 1.12 1.62473 -1.95511
113 1.13 1.60516 -1.9588
114 1.14 1.58555 -1.96227
115 1.15 1.56591 -1.9655
116 1.16 1.54624 -1.96849
117 1.17 1.52654 -1.97126
118 1.18 1.50682 -1.97379
119 1.19 1.48707 -1.97609
120 1.2 1.4673 -1.97816
121 1.21 1.44751 -1.98001
122 1.22 1.4277 -1.98163
123 1.23 1.40788 -1.98302
124 1.24 1.38804 -1.98418
125 1.25 1.36819 -1.98513
126 1.26 1.34834 -1.98585
127 1.27 1.32848 -1.98634
128 1.28 1.30861 -1.98662
129 1.29 1.28874 -1.98668
130 1.3 1.26888 -1.98652
131 1.31 1.24901 -1.98614
132 1.32 1.22916 -1.98555
133 1.33 1.2093 -1.98474
134 1.34 1.18946 -1.98371
135 1.35 1.16963 -1.98248
136 1.36 1.14981 -1.98103
137 1.37 1.13001 -1.97938
138 1.38 1.11023 -1.97751
139 1.39 1.09046 -1.97544
140 1.4 1.07072 -1.97317
141 1.41 1.051 -1.97068
142 1.42 1.03131 -1.968
143 1.43 1.01164 -1.96511
144 1.44 0.992003 -1.96202
145 1.45 0.9724 -1.95874
146 1.46 0.952829 -1.95525
147 1.47 0.933295 -1.95157
148 1.48 0.913799 -1.9477
149 1.49 0.894342 -1.94363
150 1.5 0.874927 -1.93937
151 1.51 0.855555 -1.93492
152 1.52 0.836229 -1.93028
153 1.53 0.81695 -1.92545
154 1.54 0.79772 -1.92044
155 1.55 0.778542 -1.91524
156 1.56 0.759416 -1.90986
157 1.57 0.740345 -1.9043
158 1.58 0.721331 -1.89856
159 1.59 0.702375 -1.89264
160 1.6 0.683479 -1.88654
161 1.61 0.664644 -1.88027
162 1.62 0.645874 -1.87382
163 1.63 0.627169 -1.86721
164 1.64 0.60853 -1.86042
165 1.65 0.589961 -1.85346
166 1.66 0.571462 -1.84634
167 1.67 0.553035 -1.83905
168 1.68 0.534681 -1.83159
169 1.69 0.516403 -1.82398
170 1.7 0.498202 -1.8162
171 1.71 0.48008 -1.80827
172 1.72 0.462037 -1.80018
173 1.73 0.444077 -1.79193
174 1.74 0.426199 -1.78353
175 1.75 0.408407 -1.77498
176 1.76 0.3907 -1.76627
177 1.77 0.373082 -1.75742
178 1.78 0.355552 -1.74842
179 1.79 0.338114 -1.73928
180 1.8 0.320767 -1.72999
181 1.81 0.303514 -1.72056
182 1.82 0.286357 -1.71099
183 1.83 0.269295 -1.70128
184 1.84 0.252331 -1.69144
185 1.85 0.235467 -1.68146
186 1.86 0.218703 -1.67135
187 1.87 0.20204 -1.6611
188 1.88 0.185481 -1.65073
189 1.89 0.169026 -1.64023
190 1.9 0.152677 -1.62961
191 1.91 0.136434 -1.61886
192 1.92 0.1203 -1.60798
193 1.93 0.104275 -1.59699
194 1.94 0.0883605 -1.58588
195 1.95 0.0725578 -1.57465
196 1.96 0.0568679 -1.56331
197 1.97 0.041292 -1.55185
198 1.98 0.0258312 -1.54028
199 1.99 0.0104867 -1.52861
200 2 -0.0047405 -1.51682
201 2.01 -0.0198493 -1.50493
202 2.02 -0.0348387 -1.49293
203 2.03 -0.0497076 -1.48083
204 2.04 -0.0644551 -1.46864
205 2.05 -0.07908 -1.45634
206 2.06 -0.0935815 -1.44394
207 2.07 -0.107959 -1.43145
208 2.08 -0.12221 -1.41887
209 2.09 -0.136336 -1.4062
210 2.1 -0.150334 -1.39343
211 2.11 -0.164204 -1.38058
212 2.12 -0.177945 -1.36765
213 2.13 -0.191557 -1.35463
214 2.14 -0.205038 -1.34152
215 2.15 -0.218387 -1.32834
216 2.16 -0.231604 -1.31508
217 2.17 -0.244688 -1.30174
218 2.18 -0.257639 -1.28832
219 2.19 -0.270454 -1.27483
220 2.2 -0.283135 -1.26128
221 2.21 -0.29568 -1.24765
222 2.22 -0.308088 -1.23395
223 2.23 -0.320358 -1.22019
224 2.24 -0.332491 -1.20636
225 2.25 -0.344486 -1.19248
226 2.26 -0.356341 -1.17853
227 2.27 -0.368056 -1.16452
228 2.28 -0.379631 -1.15046
229 2.29 -0.391065 -1.13634
230 2.3 -0.402357 -1.12217
231 2.31 -0.413508 -1.10794
232 2.32 -0.424516 -1.09367
233 2.33 -0.435381 -1.07935
234 2.34 -0.446103 -1.06498
235 2.35 -0.456681 -1.05057
236 2.36 -0.467114 -1.03611
237 2.37 -0.477403 -1.02162
238 2.38 -0.487546 -1.00709
239 2.39 -0.497544 -0.992515
240 2.4 -0.507397 -0.977908
241 2.41 -0.517102 -0.963268
242 2.42 -0.526662 -0.948596
243 2.43 -0.536074 -0.933893
244 2.44 -0.54534 -0.919162
245 2.45 -0.554457 -0.904404
246 2.46 -0.563428 -0.889621
247 2.47 -0.57225 -0.874815
248 2.48 -0.580924 -0.859987
249 2.49 -0.589449 -0.84514
250 2.5 -0.597827 -0.830274
251 2.51 -0.606055 -0.815391
252 2.52 -0.614134 -0.800494
253 2.53 -0.622065 -0.785583
254 2.54 -0.629846 -0.770661
255 2.55 -0.637478 -0.755729
256 2.56 -0.644961 -0.740789
257 2.57 -0.652294 -0.725842
258 2.58 -0.659477 -0.710891
259 2.59 -0.666511 -0.695936
260 2.6 -0.673396 -0.68098
261 2.61 -0.680131 -0.666023
262 2.62 -0.686717 -0.651069
263 2.63 -0.693152 -0.636117
264 2.64 -0.699439 -0.62117
265 2.65 -0.705576 -0.60623
266 2.66 -0.711564 -0.591298
267 2.67 -0.717402 -0.576375
268 2.68 -0.723091 -0.561463
269 2.69 -0.728631 -0.546564
270 2.7 -0.734022 -0.531679
271 2.71 -0.739265 -0.51681
272 2.72 -0.744359 -0.501958
273 2.73 -0.749304 -0.487125
274 2.74 -0.754101 -0.472312
275 2.75 -0.75875 -0.457521
276 2.76 -0.763252 -0.442754
277 2.77 -0.767606 -0.428011
278 2.78 -0.771812 -0.413294
279 2.79 -0.775871 -0.398605
280 2.8 -0.779784 -0.383945
281 2.81 -0.78355 -0.369316
282 2.82 -0.787171 -0.354719
283 2.83 -0.790645 -0.340155
284 2.84 -0.793974 -0.325626
285 2.85 -0.797158 -0.311133
286 2.86 -0.800197 -0.296678
287 2.87 -0.803091 -0.282262
288 2.88 -0.805842 -0.267886
289 2.89 -0.808449 -0.253552
290 2.9 -0.810913 -0.239261
291 2.91 -0.813235 -0.225014
292 2.92 -0.815414 -0.210813
293 2.93 -0.817451 -0.19666
294 2.94 -0.819347 -0.182554
295 2.95 -0.821102 -0.168498
296 2.96 -0.822717 -0.154493
297 2.97 -0.824192 -0.140541
298 2.98 -0.825528 -0.126641
299 2.99 -0.826725 -0.112797
300 3 -0.827784 -0.099008
301 3.01 -0.828706 -0.0852764
302 3.02 -0.82949 -0.0716032
303 3.03 -0.830138 -0.0579895
304 3.04 -0.83065 -0.0444365
305 3.05 -0.831027 -0.0309454
306 3.06 -0.831269 -0.0175174
307 3.07 -0.831377 -0.00415355
308 3.08 -0.831352 0.00914493
309 3.09 -0.831195 0.0223769
310 3.1 -0.830905 0.0355414
311 3.11 -0.830484 0.0486371
312 3.12 -0.829933 0.0616631
313 3.13 -0.829251 0.0746182
314 3.14 -0.82844 0.0875014
315 3.15 -0.827501 0.100312
316 3.16 -0.826434 0.113048
317 3.17 -0.825241 0.125709
318 3.18 -0.82392 0.138294
319 3.19 -0.822475 0.150802
320 3.2 -0.820905 0.163232
321 3.21 -0.819211 0.175584
322 3.22 -0.817393 0.187855
323 3.23 -0.815454 0.200045
324 3.24 -0.813393 0.212153
325 3.25 -0.811211 0.224179
326 3.26 -0.808909 0.236121
327 3.27 -0.806489 0.247978
328 3.28 -0.80395 0.25975
329 3.29 -0.801294 0.271435
330 3.3 -0.798522 0.283033
331 3.31 -0.795634 0.294544
332 3.32 -0.792631 0.305965
333 3.33 -0.789515 0.317297
334 3.34 -0.786285 0.328538
335 3.35 -0.782944 0.339688
336 3.36 -0.779492 0.350745
337 3.37 -0.77593 0.36171
338 3.38 -0.772258 0.372581
339 3.39 -0.768478 0.383358
340 3.4 -0.764591 0.39404
341 3.41 -0.760598 0.404626
342 3.42 -0.756499 0.415116
343 3.43 -0.752296 0.425508
344 3.44 -0.747989 0.435802
345 3.45 -0.74358 0.445998
346 3.46 -0.73907 0.456095
347 3.47 -0.734459 0.466092
348 3.48 -0.729748 0.475989
349 3.49 -0.724939 0.485784
350 3.5 -0.720033 0.495478
351 3.51 -0.71503 0.50507
352 3.52 -0.709932 0.514559
353 3.53 -0.704739 0.523944
354 3.54 -0.699453 0.533226
355 3.55 -0.694075 0.542403
356 3.56 -0.688605 0.551475
357 3.57 -0.683046 0.560442
358 3.58 -0.677397 0.569303
359 3.59 -0.67166 0.578058
360 3.6 -0.665836 0.586705
361 3.61 -0.659926 0.595246
362 3.62 -0.653932 0.603678
363 3.63 -0.647853 0.612003
364 3.64 -0.641692 0.620218
365 3.65 -0.635449 0.628325
366 3.66 -0.629126 0.636323
367 3.67 -0.622723 0.64421
368 3.68 -0.616242 0.651988
369 3.69 -0.609684 0.659655
370 3.7 -0.603049 0.667211
371 3.71 -0.59634 0.674657
372 3.72 -0.589556 0.68199
373 3.73 -0.5827 0.689212
374 3.74 -0.575773 0.696322
375 3.75 -0.568774 0.70332
376 3.76 -0.561707 0.710206
377 3.77 -0.554571 0.716978
378 3.78 -0.547367 0.723638
379 3.79 -0.540098 0.730184
380 3.8 -0.532764 0.736617
381 3.81 -0.525366 0.742936
382 3.82 -0.517906 0.749141
383 3.83 -0.510384 0.755233
384 3.84 -0.502801 0.76121
385 3.85 -0.49516 0.767073
386 3.86 -0.48746 0.772822
387 3.87 -0.479704 0.778456
388 3.88 -0.471892 0.783975
389 3.89 -0.464025 0.78938
390 3.9 -0.456104 0.79467
391 3.91 -0.448132 0.799845
392 3.92 -0.440108 0.804905
393 3.93 -0.432034 0.80985
394 3.94 -0.423911 0.81468
395 3.95 -0.415741 0.819395
396 3.96 -0.407524 0.823995
397 3.97 -0.399261 0.82848
398 3.98 -0.390955 0.83285
399 3.99 -0.382605 0.837105
400 4 -0.374213 0.841245
401 4.01 -0.36578 0.84527
402 4.02 -0.357308 0.84918
403 4.03 -0.348797 0.852975
404 4.04 -0.340249 0.856655
405 4.05 -0.331664 0.860221
406 4.06 -0.323045 0.863673
407 4.07 -0.314391 0.86701
408 4.08 -0.305705 0.870232
409 4.09 -0.296987 0.873341
410 4.1 -0.288238 0.876335
411 4.11 -0.279461 0.879216
412 4.12 -0.270654 0.881983
413 4.13 -0.261821 0.884636
414 4.14 -0.252962 0.887176
415 4.15 -0.244078 0.889603
416 4.16 -0.23517 0.891918
417 4.17 -0.22624 0.894119
418 4.18 -0.217288 0.896208
419 4.19 -0.208316 0.898185
420 4.2 -0.199325 0.90005
421 4.21 -0.190316 0.901803
422 4.22 -0.181289 0.903445
423 4.23 -0.172247 0.904976
424 4.24 -0.16319 0.906396
425 4.25 -0.15412 0.907705
426 4.26 -0.145037 0.908904
427 4.27 -0.135942 0.909994
428 4.28 -0.126837 0.910974
429 4.29 -0.117723 0.911844
430 4.3 -0.108601 0.912606
431 4.31 -0.0994711 0.913259
432 4.32 -0.0903357 0.913804
433 4.33 -0.0811954 0.914242
434 4.34 -0.0720512 0.914572
435 4.35 -0.0629043 0.914795
436 4.36 -0.0537557 0.914912
437 4.37 -0.0446064 0.914922
438 4.38 -0.0354576 0.914827
439 4.39 -0.0263102 0.914627
440 4.4 -0.0171654 0.914322
441 4.41 -0.00802414 0.913912
442 4.42 0.00111249 0.913398
443 4.43 0.0102435 0.912782
444 4.44 0.0193678 0.912062
445 4.45 0.0284844 0.911239
446 4.46 0.0375922 0.910315
447 4.47 0.0466903 0.909289
448 4.48 0.0557777 0.908163
449 4.49 0.0648533 0.906936
450 4.5 0.0739161 0.905608
451 4.51 0.0829651 0.904182
452 4.52 0.0919994 0.902657
453 4.53 0.101018 0.901033
454 4.54 0.11002 0.899312
455 4.55 0.119004 0.897493
456 4.56 0.127969 0.895578
457 4.57 0.136915 0.893567
458 4.58 0.14584 0.891461
459 4.59 0.154744 0.889259
460 4.6 0.163625 0.886964
461 4.61 0.172483 0.884574
462 4.62 0.181316 0.882092
463 4.63 0.190124 0.879517
464 4.64 0.198906 0.876851
465 4.65 0.207661 0.874093
466 4.66 0.216388 0.871245
467 4.67 0.225086 0.868307
468 4.68 0.233754 0.86528
469 4.69 0.242391 0.862164
470 4.7 0.250997 0.858961
471 4.71 0.25957 0.85567
472 4.72 0.26811 0.852292
473 4.73 0.276616 0.848829
474 4.74 0.285086 0.84528
475 4.75 0.293521 0.841647
476 4.76 0.301919 0.837931
477 4.77 0.310279 0.834131
478 4.78 0.318601 0.830248
479 4.79 0.326884 0.826284
480 4.8 0.335127 0.822239
481 4.81 0.343328 0.818114
482 4.82 0.351489 0.81391
483 4.83 0.359606 0.809626
484 4.84 0.367681 0.805265
485 4.85 0.375711 0.800826
486 4.86 0.383697 0.796311
487 4.87 0.391637 0.79172
488 4.88 0.399531 0.787054
489 4.89 0.407378 0.782313
490 4.9 0.415177 0.777499
491 4.91 0.422928 0.772612
492 4.92 0.430629 0.767654
493 4.93 0.438281 0.762624
494 4.94 0.445882 0.757524
495 4.95 0.453431 0.752354
496 4.96 0.460928 0.747115
497 4.97 0.468373 0.741808
498 4.98 0.475764 0.736434
499 4.99 0.483102 0.730993
500 5 0.490384 0.725487
501 5.01 0.497611 0.719916
502 5.02 0.504782 0.71428
503 5.03 0.511896 0.708582
504 5.04 0.518954 0.702821
505 5.05 0.525953 0.696998
506 5.06 0.532893 0.691114
507 5.07 0.539775 0.685171
508 5.08 0.546596 0.679168
509 5.09 0.553358 0.673107
510 5.1 0.560058 0.666989
511 5.11 0.566697 0.660813
512 5.12 0.573275 0.654582
513 5.13 0.579789 0.648296
514 5.14 0.58624 0.641955
515 5.15 0.592628 0.635561
516 5.16 0.598951 0.629115
517 5.17 0.60521 0.622617
518 5.18 0.611403 0.616068
519 5.19 0.617531 0.609469
520 5.2 0.623593 0.602821
521 5.21 0.629587 0.596124
522 5.22 0.635515 0.58938
523 5.23 0.641375 0.582589
524 5.24 0.647167 0.575753
525 5.25 0.65289 0.568871
526 5.26 0.658544 0.561946
527 5.27 0.664129 0.554977
528 5.28 0.669643 0.547966
529 5.29 0.675088 0.540913
530 5.3 0.680461 0.533819
531 5.31 0.685764 0.526686
532 5.32 0.690995 0.519514
533 5.33 0.696154 0.512303
534 5.34 0.701241 0.505055
535 5.35 0.706255 0.497771
536 5.36 0.711196 0.490451
537 5.37 0.716064 0.483097
538 5.38 0.720858 0.475708
539 5.39 0.725578 0.468287
540 5.4 0.730224 0.460833
541 5.41 0.734795 0.453348
542 5.42 0.739291 0.445833
543 5.43 0.743711 0.438287
544 5.44 0.748056 0.430714
545 5.45 0.752325 0.423112
546 5.46 0.756518 0.415483
547 5.47 0.760635 0.407827
548 5.48 0.764675 0.400147
549 5.49 0.768638 0.392442
550 5.5 0.772524 0.384713
551 5.51 0.776332 0.376961
552 5.52 0.780063 0.369187
553 5.53 0.783716 0.361392
554 5.54 0.787291 0.353577
555 5.55 0.790787 0.345742
556 5.56 0.794205 0.337888
557 5.57 0.797545 0.330017
558 5.58 0.800806 0.322128
559 5.59 0.803987 0.314223
560 5.6 0.80709 0.306303
561 5.61 0.810113 0.298369
562 5.62 0.813057 0.29042
563 5.63 0.815922 0.282459
564 5.64 0.818706 0.274486
565 5.65 0.821411 0.266501
566 5.66 0.824036 0.258506
567 5.67 0.826582 0.250501
568 5.68 0.829046 0.242488
569 5.69 0.831431 0.234466
570 5.7 0.833736 0.226438
571 5.71 0.83596 0.218402
572 5.72 0.838104 0.210361
573 5.73 0.840167 0.202316
574 5.74 0.84215 0.194266
575 5.75 0.844052 0.186213
576 5.76 0.845874 0.178158
577 5.77 0.847616 0.1701
578 5.78 0.849276 0.162042
579 5.79 0.850856 0.153984
580 5.8 0.852356 0.145927
581 5.81 0.853775 0.137871
582 5.82 0.855113 0.129817
583 5.83 0.856371 0.121766
584 5.84 0.857549 0.113718
585 5.85 0.858646 0.105676
586 5.86 0.859662 0.097638
587 5.87 0.860599 0.0896064
588 5.88 0.861454 0.0815815
589 5.89 0.86223 0.073564
590 5.9 0.862926 0.0655548
591 5.91 0.863541 0.0575544
592 5.92 0.864077 0.0495637
593 5.93 0.864533 0.0415835
594 5.94 0.864909 0.0336143
595 5.95 0.865205 0.0256569
596 5.96 0.865422 0.0177121
597 5.97 0.865559 0.00978048
598 5.98 0.865617 0.00186284
599 5.99 0.865597 -0.00604014
600 6 0.865497 -0.0139278
601 6.01 0.865318 -0.0217994
602 6.02 0.865061 -0.0296542
603 6.03 0.864725 -0.0374917
604 6.04 0.864311 -0.045311
605 6.05 0.863819 -0.0531116
606 6.06 0.863249 -0.0608928
607 6.07 0.862601 -0.0686538
608 6.08 0.861876 -0.0763941
609 6.09 0.861073 -0.084113
610 6.1 0.860194 -0.0918098
611 6.11 0.859237 -0.0994839
612 6.12 0.858204 -0.107135
613 6.13 0.857095 -0.114761
614 6.14 0.855909 -0.122364
615 6.15 0.854647 -0.12994
616 6.16 0.85331 -0.137491
617 6.17 0.851898 -0.145016
618 6.18 0.85041 -0.152513
619 6.19 0.848847 -0.159983
620 6.2 0.84721 -0.167425
621 6.21 0.845499 -0.174837
622 6.22 0.843714 -0.18222
623 6.23 0.841855 -0.189573
624 6.24 0.839922 -0.196895
625 6.25 0.837917 -0.204187
626 6.26 0.835839 -0.211446
627 6.27 0.833688 -0.218673
628 6.28 0.831465 -0.225867
629 6.29 0.829171 -0.233027
630 6.3 0.826805 -0.240154
631 6.31 0.824368 -0.247246
632 6.32 0.82186 -0.254303
633 6.33 0.819282 -0.261324
634 6.34 0.816634 -0.268309
635 6.35 0.813916 -0.275257
636 6.36 0.811129 -0.282168
637 6.37 0.808273 -0.289042
638 6.38 0.805348 -0.295877
639 6.39 0.802355 -0.302674
640 6.4 0.799295 -0.309431
641 6.41 0.796167 -0.316149
642 6.42 0.792972 -0.322827
643 6.43 0.78971 -0.329464
644 6.44 0.786383 -0.336059
645 6.45 0.782989 -0.342614
646 6.46 0.779531 -0.349126
647 6.47 0.776007 -0.355596
648 6.48 0.772419 -0.362023
649 6.49 0.768767 -0.368406
650 6.5 0.765051 -0.374746
651 6.51 0.761272 -0.381042
652 6.52 0.75743 -0.387293
653 6.53 0.753526 -0.393499
654 6.54 0.74956 -0.399659
655 6.55 0.745533 -0.405774
656 6.56 0.741445 -0.411842
657 6.57 0.737296 -0.417864
658 6.58 0.733088 -0.423838
659 6.59 0.72882 -0.429765
660 6.6 0.724493 -0.435645
661 6.61 0.720107 -0.441476
662 6.62 0.715663 -0.447259
663 6.63 0.711162 -0.452993
664 6.64 0.706604 -0.458678
665 6.65 0.701989 -0.464313
666 6.66 0.697318 -0.469898
667 6.67 0.692591 -0.475433
668 6.68 0.687809 -0.480917
669 6.69 0.682973 -0.486351
670 6.7 0.678082 -0.491733
671 6.71 0.673138 -0.497064
672 6.72 0.668141 -0.502343
673 6.73 0.663092 -0.50757
674 6.74 0.65799 -0.512745
675 6.75 0.652837 -0.517867
676 6.76 0.647633 -0.522936
677 6.77 0.642378 -0.527951
678 6.78 0.637074 -0.532914
679 6.79 0.63172 -0.537822
680 6.8 0.626318 -0.542677
681 6.81 0.620867 -0.547477
682 6.82 0.615368 -0.552223
683 6.83 0.609823 -0.556914
684 6.84 0.60423 -0.56155
685 6.85 0.598592 -0.566132
686 6.86 0.592908 -0.570657
687 6.87 0.587179 -0.575127
688 6.88 0.581405 -0.579542
689 6.89 0.575588 -0.5839
690 6.9 0.569728 -0.588202
691 6.91 0.563824 -0.592448
692 6.92 0.557879 -0.596637
693 6.93 0.551892 -0.600769
694 6.94 0.545864 -0.604845
695 6.95 0.539795 -0.608864
696 6.96 0.533687 -0.612825
697 6.97 0.527539 -0.616729
698 6.98 0.521352 -0.620575
699 6.99 0.515127 -0.624364
700 7 0.508865 -0.628095
701 7.01 0.502566 -0.631768
702 7.02 0.49623 -0.635383
703 7.03 0.489858 -0.63894
704 7.04 0.483451 -0.642439
705 7.05 0.47701 -0.645879
706 7.06 0.470534 -0.649261
707 7.07 0.464025 -0.652585
708 7.08 0.457482 -0.655849
709 7.09 0.450908 -0.659055
710 7.1 0.444301 -0.662202
711 7.11 0.437664 -0.665291
712 7.12 0.430996 -0.66832
713 7.13 0.424298 -0.67129
714 7.14 0.41757 -0.674202
715 7.15 0.410814 -0.677054
716 7.16 0.404029 -0.679847
717 7.17 0.397217 -0.682581
718 7.18 0.390378 -0.685256
719 7.19 0.383512 -0.687871
720 7.2 0.376621 -0.690428
721 7.21 0.369704 -0.692925
722 7.22 0.362762 -0.695362
723 7.23 0.355797 -0.697741
724 7.24 0.348808 -0.70006
725 7.25 0.341796 -0.70232
726 7.26 0.334762 -0.704521
727 7.27 0.327706 -0.706662
728 7.28 0.320629 -0.708745
729 7.29 0.313531 -0.710768
730 7.3 0.306413 -0.712732
731 7.31 0.299276 -0.714637
732 7.32 0.292121 -0.716482
733 7.33 0.284947 -0.718269
734 7.34 0.277756 -0.719997
735 7.35 0.270547 -0.721666
736 7.36 0.263323 -0.723276
737 7.37 0.256082 -0.724827
738 7.38 0.248826 -0.72632
739 7.39 0.241556 -0.727754
740 7.4 0.234271 -0.72913
741 7.41 0.226973 -0.730447
742 7.42 0.219663 -0.731705
743 7.43 0.212339 -0.732906
744 7.44 0.205005 -0.734048
745 7.45 0.197659 -0.735132
746 7.46 0.190302 -0.736159
747 7.47 0.182936 -0.737127
748 7.48 0.17556 -0.738038
749 7.49 0.168175 -0.738891
750 7.5 0.160782 -0.739687
751 7.51 0.153382 -0.740426
752 7.52 0.145974 -0.741107
753 7.53 0.13856 -0.741732
754 7.54 0.131139 -0.742299
755 7.55 0.123714 -0.74281
756 7.56 0.116283 -0.743264
757 7.57 0.108849 -0.743662
758 7.58 0.10141 -0.744004
759 7.59 0.0939688 -0.74429
760 7.6 0.0865247 -0.744519
761 7.61 0.0790786 -0.744694
762 7.62 0.0716311 -0.744812
763 7.63 0.0641826 -0.744875
764 7.64 0.0567337 -0.744884
765 7.65 0.0492851 -0.744837
766 7.66 0.0418372 -0.744735
767 7.67 0.0343906 -0.744579
768 7.68 0.0269458 -0.744369
769 7.69 0.0195034 -0.744105
770 7.7 0.0120639 -0.743786
771 7.71 0.00462781 -0.743414
772 7.72 -0.00280425 -0.742989
773 7.73 -0.0102318 -0.74251
774 7.74 -0.0176543 -0.741979
775 7.75 -0.0250712 -0.741394
776 7.76 -0.032482 -0.740758
777 7.77 -0.0398862 -0.740068
778 7.78 -0.0472832 -0.739327
779 7.79 -0.0546725 -0.738534
780 7.8 -0.0620537 -0.73769
781 7.81 -0.0694262 -0.736794
782 7.82 -0.0767894 -0.735847
783 7.83 -0.0841429 -0.73485
784 7.84 -0.0914862 -0.733802
785 7.85 -0.0988188 -0.732704
786 7.86 -0.10614 -0.731555
787 7.87 -0.11345 -0.730358
788 7.88 -0.120747 -0.72911
789 7.89 -0.128032 -0.727814
790 7.9 -0.135303 -0.726469
791 7.91 -0.142561 -0.725075
792 7.92 -0.149805 -0.723634
793 7.93 -0.157034 -0.722144
794 7.94 -0.164247 -0.720606
795 7.95 -0.171446 -0.719021
796 7.96 -0.178628 -0.717389
797 7.97 -0.185793 -0.715711
798 7.98 -0.192942 -0.713986
799 7.99 -0.200073 -0.712214
800 8 -0.207186 -0.710397
801 8.01 -0.21428 -0.708535
802 8.02 -0.221356 -0.706627
803 8.03 -0.228413 -0.704675
804 8.04 -0.23545 -0.702678
805 8.05 -0.242466 -0.700636
806 8.06 -0.249462 -0.698551
807 8.07 -0.256437 -0.696422
808 8.08 -0.263391 -0.69425
809 8.09 -0.270322 -0.692035
810 8.1 -0.277231 -0.689778
811 8.11 -0.284117 -0.687478
812 8.12 -0.290981 -0.685137
813 8.13 -0.29782 -0.682754
814 8.14 -0.304635 -0.68033
815 8.15 -0.311427 -0.677865
816 8.16 -0.318193 -0.675359
817 8.17 -0.324934 -0.672813
818 8.18 -0.331649 -0.670228
819 8.19 -0.338338 -0.667603
820 8.2 -0.345001 -0.664939
821 8.21 -0.351637 -0.662237
822 8.22 -0.358245 -0.659496
823 8.23 -0.364826 -0.656717
824 8.24 -0.37138 -0.6539
825 8.25 -0.377904 -0.651046
826 8.26 -0.3844 -0.648156
827 8.27 -0.390867 -0.645228
828 8.28 -0.397305 -0.642265
829 8.29 -0.403712 -0.639266
830 8.3 -0.41009 -0.636231
831 8.31 -0.416437 -0.633162
832 8.32 -0.422753 -0.630058
833 8.33 -0.429038 -0.626919
834 8.34 -0.435291 -0.623747
835 8.35 -0.441513 -0.620541
836 8.36 -0.447702 -0.617302
837 8.37 -0.453859 -0.61403
838 8.38 -0.459983 -0.610725
839 8.39 -0.466073 -0.607389
840 8.4 -0.47213 -0.604021
841 8.41 -0.478153 -0.600622
842 8.42 -0.484143 -0.597192
843 8.43 -0.490097 -0.593732
844 8.44 -0.496017 -0.590242
845 8.45 -0.501902 -0.586721
846 8.46 -0.507751 -0.583172
847 8.47 -0.513565 -0.579594
848 8.48 -0.519343 -0.575987
849 8.49 -0.525085 -0.572352
850 8.5 -0.53079 -0.568689
851 8.51 -0.536459 -0.564999
852 8.52 -0.54209 -0.561282
853 8.53 -0.547684 -0.557539
854 8.54 -0.553241 -0.553769
855 8.55 -0.55876 -0.549974
856 8.56 -0.56424 -0.546153
857 8.57 -0.569682 -0.542307
858 8.58 -0.575086 -0.538437
859 8.59 -0.580451 -0.534542
860 8.6 -0.585777 -0.530624
861 8.61 -0.591064 -0.526682
862 8.62 -0.596311 -0.522718
863 8.63 -0.601518 -0.51873
864 8.64 -0.606685 -0.514721
865 8.65 -0.611812 -0.51069
866 8.66 -0.616899 -0.506637
867 8.67 -0.621945 -0.502563
868 8.68 -0.62695 -0.498469
869 8.69 -0.631914 -0.494354
870 8.7 -0.636837 -0.49022
871 8.71 -0.641718 -0.486066
872 8.72 -0.646558 -0.481893
873 8.73 -0.651356 -0.477701
874 8.74 -0.656112 -0.473492
875 8.75 -0.660826 -0.469264
876 8.76 -0.665497 -0.465019
877 8.77 -0.670126 -0.460757
878 8.78 -0.674713 -0.456478
879 8.79 -0.679256 -0.452183
880 8.8 -0.683756 -0.447871
881 8.81 -0.688213 -0.443545
882 8.82 -0.692627 -0.439203
883 8.83 -0.696997 -0.434847
884 8.84 -0.701324 -0.430476
885 8.85 -0.705607 -0.426091
886 8.86 -0.709846 -0.421693
887 8.87 -0.714041 -0.417281
888 8.88 -0.718191 -0.412857
889 8.89 -0.722298 -0.40842
890 8.9 -0.72636 -0.403972
891 8.91 -0.730377 -0.399511
892 8.92 -0.73435 -0.39504
893 8.93 -0.738278 -0.390557
894 8.94 -0.742161 -0.386064
895 8.95 -0.745999 -0.381561
896 8.96 -0.749792 -0.377048
897 8.97 -0.75354 -0.372526
898 8.98 -0.757243 -0.367995
899 8.99 -0.7609 -0.363455
900 9 -0.764512 -0.358907
901 9.01 -0.768078 -0.354351
902 9.02 -0.771599 -0.349788
903 9.03 -0.775074 -0.345218
904 9.04 -0.778503 -0.34064
905 9.05 -0.781887 -0.336057
906 9.06 -0.785224 -0.331467
907 9.07 -0.788516 -0.326872
908 9.08 -0.791762 -0.322271
909 9.09 -0.794961 -0.317666
910 9.1 -0.798115 -0.313056
911 9.11 -0.801222 -0.308441
912 9.12 -0.804284 -0.303823
913 9.13 -0.807299 -0.299202
914 9.14 -0.810268 -0.294577
915 9.15 -0.81319 -0.28995
916 9.16 -0.816067 -0.28532
917 9.17 -0.818897 -0.280688
918 9.18 -0.82168 -0.276054
919 9.19 -0.824418 -0.271419
920 9.2 -0.827109 -0.266783
921 9.21 -0.829753 -0.262146
922 9.22 -0.832352 -0.257509
923 9.23 -0.834904 -0.252871
924 9.24 -0.837409 -0.248235
925 9.25 -0.839868 -0.243598
926 9.26 -0.842281 -0.238963
927 9.27 -0.844648 -0.234329
928 9.28 -0.846968 -0.229697
929 9.29 -0.849242 -0.225067
930 9.3 -0.851469 -0.220439
931 9.31 -0.85365 -0.215814
932 9.32 -0.855785 -0.211192
933 9.33 -0.857874 -0.206573
934 9.34 -0.859917 -0.201957
935 9.35 -0.861913 -0.197346
936 9.36 -0.863864 -0.192739
937 9.37 -0.865768 -0.188136
938 9.38 -0.867626 -0.183538
939 9.39 -0.869439 -0.178946
940 9.4 -0.871205 -0.174359
941 9.41 -0.872926 -0.169777
942 9.42 -0.874601 -0.165202
943 9.43 -0.87623 -0.160633
944 9.44 -0.877814 -0.156071
945 9.45 -0.879352 -0.151516
946 9.46 -0.880844 -0.146968
947 9.47 -0.882291 -0.142428
948 9.48 -0.883693 -0.137896
949 9.49 -0.885049 -0.133372
950 9.5 -0.88636 -0.128856
951 9.51 -0.887626 -0.124349
952 9.52 -0.888847 -0.119851
953 9.53 -0.890023 -0.115362
954 9.54 -0.891154 -0.110883
955 9.55 -0.892241 -0.106414
956 9.56 -0.893283 -0.101955
957 9.57 -0.89428 -0.0975058
958 9.58 -0.895233 -0.0930677
959 9.59 -0.896141 -0.0886405
960 9.6 -0.897006 -0.0842245
961 9.61 -0.897826 -0.0798199
962 9.62 -0.898602 -0.075427
963 9.63 -0.899334 -0.071046
964 9.64 -0.900023 -0.0666773
965 9.65 -0.900668 -0.062321
966 9.66 -0.90127 -0.0579775
967 9.67 -0.901828 -0.0536469
968 9.68 -0.902342 -0.0493295
969 9.69 -0.902814 -0.0450255
970 9.7 -0.903243 -0.0407352
971 9.71 -0.903629 -0.0364588
972 9.72 -0.903972 -0.0321966
973 9.73 -0.904273 -0.0279487
974 9.74 -0.904531 -0.0237155
975 9.75 -0.904747 -0.0194971
976 9.76 -0.904921 -0.0152937
977 9.77 -0.905053 -0.0111057
978 9.78 -0.905143 -0.00693309
979 9.79 -0.905192 -0.00277622
980 9.8 -0.905199 0.00136472
981 9.81 -0.905165 0.00548952
982 9.82 -0.905089 0.00959797
983 9.83 -0.904973 0.0136899
984 9.84 -0.904816 0.017765
985 9.85 -0.904618 0.0218232
986 9.86 -0.904379 0.0258642
987 9.87 -0.9041 0.0298879
988 9.88 -0.903781 0.0338941
989 9.89 -0.903423 0.0378825
990 9.9 -0.903024 0.0418529
991 9.91 -0.902586 0.0458053
992 9.92 -0.902108 0.0497394
993 9.93 -0.901591 0.053655
994 9.94 -0.901035 0.057552
995 9.95 -0.90044 0.0614301
996 9.96 -0.899806 0.0652893
997 9.97 -0.899134 0.0691292
998 9.98 -0.898424 0.0729499
999 9.99 -0.897675 0.076751
1000 10 -0.896889 0.0805325
1001 10.01 -0.896065 0.0842942
1002 10.02 -0.895203 0.0880359
1003 10.03 -0.894304 0.0917574
1004 10.04 -0.893368 0.0954587
1005 10.05 -0.892395 0.0991396
1006 10.06 -0.891385 0.1028
1007 10.07 -0.890339 0.106439
1008 10.08 -0.889256 0.110058
1009 10.09 -0.888138 0.113656
1010 10.1 -0.886983 0.117232
1011 10.11 -0.885793 0.120788
1012 10.12 -0.884568 0.124321
1013 10.13 -0.883307 0.127834
1014 10.14 -0.882011 0.131324
1015 10.15 -0.88068 0.134793
1016 10.16 -0.879315 0.13824
1017 10.17 -0.877916 0.141665
1018 10.18 -0.876482 0.145068
1019 10.19 -0.875014 0.148449
1020 10.2 -0.873513 0.151807
1021 10.21 -0.871978 0.155143
1022 10.22 -0.87041 0.158456
1023 10.23 -0.868809 0.161746
1024 10.24 -0.867176 0.165014
1025 10.25 -0.865509 0.168259
1026 10.26 -0.86381 0.171481
1027 10.27 -0.86208 0.17468
1028 10.28 -0.860317 0.177856
1029 10.29 -0.858523 0.181008
1030 10.3 -0.856697 0.184137
1031 10.31 -0.85484 0.187243
1032 10.32 -0.852952 0.190325
1033 10.33 -0.851033 0.193384
1034 10.34 -0.849084 0.196419
1035 10.35 -0.847105 0.19943
1036 10.36 -0.845096 0.202418
1037 10.37 -0.843057 0.205381
1038 10.38 -0.840988 0.208321
1039 10.39 -0.838891 0.211237
1040 10.4 -0.836764 0.214129
1041 10.41 -0.834608 0.216996
1042 10.42 -0.832424 0.21984
1043 10.43 -0.830211 0.222659
1044 10.44 -0.827971 0.225454
1045 10.45 -0.825702 0.228225
1046 10.46 -0.823406 0.230971
1047 10.47 -0.821083 0.233693
1048 10.48 -0.818733 0.236391
1049 10.49 -0.816355 0.239064
1050 10.5 -0.813951 0.241713
1051 10.51 -0.811521 0.244337
1052 10.52 -0.809065 0.246936
1053 10.53 -0.806582 0.249511
1054 10.54 -0.804075 0.252061
1055 10.55 -0.801541 0.254586
1056 10.56 -0.798983 0.257087
1057 10.57 -0.7964 0.259563
1058 10.58 -0.793792 0.262015
1059 10.59 -0.791159 0.264441
1060 10.6 -0.788503 0.266843
1061 10.61 -0.785823 0.26922
1062 10.62 -0.783119 0.271573
1063 10.63 -0.780391 0.2739
1064 10.64 -0.777641 0.276203
1065 10.65 -0.774867 0.278481
1066 10.66 -0.772071 0.280734
1067 10.67 -0.769253 0.282962
1068 10.68 -0.766412 0.285166
1069 10.69 -0.763549 0.287344
1070 10.7 -0.760665 0.289498
1071 10.71 -0.75776 0.291628
1072 10.72 -0.754833 0.293732
1073 10.73 -0.751885 0.295812
1074 10.74 -0.748917 0.297867
1075 10.75 -0.745928 0.299897
1076 10.76 -0.742919 0.301902
1077 10.77 -0.73989 0.303883
1078 10.78 -0.736841 0.305839
1079 10.79 -0.733773 0.307771
1080 10.8 -0.730686 0.309678
1081 10.81 -0.72758 0.31156
1082 10.82 -0.724455 0.313418
1083 10.83 -0.721311 0.315251
1084 10.84 -0.71815 0.31706
1085 10.85 -0.71497 0.318844
1086 10.86 -0.711773 0.320604
1087 10.87 -0.708558 0.32234
1088 10.88 -0.705326 0.324051
1089 10.89 -0.702077 0.325738
1090 10.9 -0.698812 0.327401
1091 10.91 -0.695529 0.32904
1092 10.92 -0.692231 0.330654
1093 10.93 -0.688916 0.332245
1094 10.94 -0.685586 0.333811
1095 10.95 -0.68224 0.335354
1096 10.96 -0.678879 0.336872
1097 10.97 -0.675503 0.338367
1098 10.98 -0.672112 0.339838
1099 10.99 -0.668706 0.341285
1100 11 -0.665286 0.342708
1101 11.01 -0.661852 0.344108
1102 11.02 -0.658404 0.345484
1103 11.03 -0.654942 0.346837
1104 11.04 -0.651467 0.348167
1105 11.05 -0.647979 0.349473
1106 11.06 -0.644478 0.350755
1107 11.07 -0.640964 0.352015
1108 11.08 -0.637438 0.353251
1109 11.09 -0.633899 0.354465
1110 11.1 -0.630349 0.355655
1111 11.11 -0.626786 0.356823
1112 11.12 -0.623212 0.357968
1113 11.13 -0.619627 0.35909
1114 11.14 -0.616031 0.360189
1115 11.15 -0.612423 0.361266
1116 11.16 -0.608805 0.36232
1117 11.17 -0.605177 0.363352
1118 11.18 -0.601538 0.364362
1119 11.19 -0.59789 0.36535
1120 11.2 -0.594231 0.366315
1121 11.21 -0.590563 0.367259
1122 11.22 -0.586886 0.36818
1123 11.23 -0.5832 0.36908
1124 11.24 -0.579505 0.369958
1125 11.25 -0.575801 0.370814
1126 11.26 -0.572089 0.371649
1127 11.27 -0.568368 0.372462
1128 11.28 -0.564639 0.373254
1129 11.29 -0.560903 0.374025
1130 11.3 -0.557159 0.374775
1131 11.31 -0.553408 0.375503
1132 11.32 -0.549649 0.376211
1133 11.33 -0.545883 0.376898
1134 11.34 -0.542111 0.377564
1135 11.35 -0.538332 0.37821
1136 11.36 -0.534547 0.378835
1137 11.37 -0.530756 0.37944
1138 11.38 -0.526958 0.380024
1139 11.39 -0.523155 0.380589
1140 11.4 -0.519346 0.381133
1141 11.41 -0.515533 0.381657
1142 11.42 -0.511713 0.382162
1143 11.43 -0.507889 0.382647
1144 11.44 -0.504061 0.383112
1145 11.45 -0.500227 0.383558
1146 11.46 -0.496389 0.383985
1147 11.47 -0.492548 0.384392
1148 11.48 -0.488702 0.384781
1149 11.49 -0.484852 0.38515
1150 11.5 -0.480999 0.3855
1151 11.51 -0.477142 0.385832
1152 11.52 -0.473282 0.386145
1153 11.53 -0.469419 0.38644
1154 11.54 -0.465553 0.386716
1155 11.55 -0.461685 0.386974
1156 11.56 -0.457814 0.387214
1157 11.57 -0.453941 0.387436
1158 11.58 -0.450065 0.38764
1159 11.59 -0.446188 0.387827
1160 11.6 -0.442309 0.387996
1161 11.61 -0.438428 0.388147
1162 11.62 -0.434546 0.388281
1163 11.63 -0.430663 0.388398
1164 11.64 -0.426778 0.388498
1165 11.65 -0.422893 0.388581
1166 11.66 -0.419006 0.388647
1167 11.67 -0.41512 0.388696
1168 11.68 -0.411233 0.388729
1169 11.69 -0.407345 0.388745
1170 11.7 -0.403458 0.388745
1171 11.71 -0.39957 0.388729
1172 11.72 -0.395683 0.388697
1173 11.73 -0.391796 0.388649
1174 11.74 -0.38791 0.388586
1175 11.75 -0.384025 0.388507
1176 11.76 -0.38014 0.388412
1177 11.77 -0.376257 0.388302
1178 11.78 -0.372374 0.388177
1179 11.79 -0.368493 0.388036
1180 11.8 -0.364614 0.387881
1181 11.81 -0.360736 0.387711
1182 11.82 -0.356859 0.387526
1183 11.83 -0.352985 0.387327
1184 11.84 -0.349113 0.387114
1185 11.85 -0.345243 0.386886
1186 11.86 -0.341375 0.386644
1187 11.87 -0.33751 0.386388
1188 11.88 -0.333648 0.386118
1189 11.89 -0.329788 0.385835
1190 11.9 -0.325931 0.385538
1191 11.91 -0.322077 0.385228
1192 11.92 -0.318226 0.384904
1193 11.93 -0.314379 0.384567
1194 11.94 -0.310535 0.384218
1195 11.95 -0.306695 0.383855
1196 11.96 -0.302858 0.38348
1197 11.97 -0.299025 0.383092
1198 11.98 -0.295196 0.382691
1199 11.99 -0.291371 0.382279
1200 12 -0.287551 0.381854
1201 12.01 -0.283734 0.381417
1202 12.02 -0.279922 0.380968
1203 12.03 -0.276115 0.380508
1204 12.04 -0.272312 0.380036
1205 12.05 -0.268514 0.379552
1206 12.06 -0.264721 0.379057
1207 12.07 -0.260933 0.378551
1208 12.08 -0.25715 0.378034
1209 12.09 -0.253373 0.377506
1210 12.1 -0.2496 0.376967
1211 12.11 -0.245833 0.376418
1212 12.12 -0.242072 0.375858
1213 12.13 -0.238316 0.375287
1214 12.14 -0.234566 0.374707
1215 12.15 -0.230822 0.374116
1216 12.16 -0.227084 0.373515
1217 12.17 -0.223352 0.372904
1218 12.18 -0.219626 0.372284
1219 12.19 -0.215906 0.371654
1220 12.2 -0.212193 0.371015
1221 12.21 -0.208486 0.370366
1222 12.22 -0.204785 0.369709
1223 12.23 -0.201092 0.369042
1224 12.24 -0.197405 0.368366
1225 12.25 -0.193724 0.367682
1226 12.26 -0.190051 0.366989
1227 12.27 -0.186385 0.366287
1228 12.28 -0.182725 0.365577
1229 12.29 -0.179073 0.364859
1230 12.3 -0.175428 0.364133
1231 12.31 -0.17179 0.363398
1232 12.32 -0.16816 0.362656
1233 12.33 -0.164537 0.361906
1234 12.34 -0.160922 0.361149
1235 12.35 -0.157314 0.360384
1236 12.36 -0.153714 0.359611
1237 12.37 -0.150122 0.358832
1238 12.38 -0.146538 0.358045
1239 12.39 -0.142961 0.357252
1240 12.4 -0.139393 0.356451
1241 12.41 -0.135832 0.355644
1242 12.42 -0.13228 0.354831
1243 12.43 -0.128736 0.35401
1244 12.44 -0.1252 0.353184
1245 12.45 -0.121672 0.352351
1246 12.46 -0.118153 0.351512
1247 12.47 -0.114642 0.350668
1248 12.48 -0.111139 0.349817
1249 12.49 -0.107646 0.34896
1250 12.5 -0.10416 0.348098
1251 12.51 -0.100684 0.347231
1252 12.52 -0.0972157 0.346358
1253 12.53 -0.0937565 0.34548
1254 12.54 -0.0903061 0.344597
1255 12.55 -0.0868646 0.343708
1256 12.56 -0.0834319 0.342815
1257 12.57 -0.0800083 0.341917
1258 12.58 -0.0765936 0.341014
1259 12.59 -0.073188 0.340107
1260 12.6 -0.0697915 0.339195
1261 12.61 -0.0664041 0.338279
1262 12.62 -0.0630259 0.337358
1263 12.63 -0.059657 0.336434
1264 12.64 -0.0562973 0.335505
1265 12.65 -0.0529469 0.334573
1266 12.66 -0.0496058 0.333637
1267 12.67 -0.0462742 0.332697
1268 12.68 -0.0429519 0.331753
1269 12.69 -0.0396391 0.330806
1270 12.7 -0.0363358 0.329856
1271 12.71 -0.033042 0.328902
1272 12.72 -0.0297578 0.327945
1273 12.73 -0.0264831 0.326985
1274 12.74 -0.0232181 0.326022
1275 12.75 -0.0199627 0.325056
1276 12.76 -0.016717 0.324088
1277 12.77 -0.0134809 0.323116
1278 12.78 -0.0102546 0.322143
1279 12.79 -0.00703809 0.321166
1280 12.8 -0.00383132 0.320188
1281 12.81 -0.000634352 0.319207
1282 12.82 0.0025528 0.318223
1283 12.83 0.00573011 0.317238
1284 12.84 0.00889755 0.316251
1285 12.85 0.0120551 0.315261
1286 12.86 0.0152028 0.31427
1287 12.87 0.0183405 0.313278
1288 12.88 0.0214683 0.312283
1289 12.89 0.0245862 0.311287
1290 12.9 0.0276941 0.31029
1291 12.91 0.030792 0.309291
1292 12.92 0.0338799 0.308291
1293 12.93 0.0369578 0.307289
1294 12.94 0.0400257 0.306287
1295 12.95 0.0430835 0.305283
1296 12.96 0.0461313 0.304279
1297 12.97 0.0491691 0.303273
1298 12.98 0.0521968 0.302267
1299 12.99 0.0552144 0.30126
1300 13 0.058222 0.300253
1301 13.01 0.0612195 0.299244
1302 13.02 0.0642069 0.298236
1303 13.03 0.0671842 0.297227
1304 13.04 0.0701514 0.296217
1305 13.05 0.0731085 0.295208
1306 13.06 0.0760556 0.294198
1307 13.07 0.0789925 0.293188
1308 13.08 0.0819193 0.292178
1309 13.09 0.084836 0.291168
1310 13.1 0.0877427 0.290158
1311 13.11 0.0906392 0.289148
1312 13.12 0.0935256 0.288138
1313 13.13 0.0964019 0.287129
1314 13.14 0.0992682 0.28612
1315 13.15 0.102124 0.285111
1316 13.16 0.10497 0.284103
1317 13.17 0.107806 0.283096
1318 13.18 0.110632 0.282089
1319 13.19 0.113448 0.281082
1320 13.2 0.116254 0.280077
1321 13.21 0.11905 0.279072
1322 13.22 0.121835 0.278068
1323 13.23 0.124611 0.277065
1324 13.24 0.127377 0.276063
1325 13.25 0.130132 0.275062
1326 13.26 0.132878 0.274061
1327 13.27 0.135614 0.273062
1328 13.28 0.138339 0.272065
1329 13.29 0.141055 0.271068
1330 13.3 0.143761 0.270073
1331 13.31 0.146456 0.269078
1332 13.32 0.149142 0.268086
1333 13.33 0.151818 0.267094
1334 13.34 0.154484 0.266104
1335 13.35 0.15714 0.265116
1336 13.36 0.159786 0.264129
1337 13.37 0.162423 0.263144
1338 13.38 0.165049 0.26216
1339 13.39 0.167666 0.261178
1340 13.4 0.170273 0.260198
1341 13.41 0.17287 0.259219
1342 13.42 0.175457 0.258242
1343 13.43 0.178035 0.257267
1344 13.44 0.180603 0.256294
1345 13.45 0.183161 0.255323
1346 13.46 0.185709 0.254354
1347 13.47 0.188248 0.253386
1348 13.48 0.190777 0.252421
1349 13.49 0.193296 0.251457
1350 13.5 0.195806 0.250496
1351 13.51 0.198306 0.249537
1352 13.52 0.200797 0.24858
1353 13.53 0.203278 0.247625
1354 13.54 0.205749 0.246672
1355 13.55 0.208211 0.245721
1356 13.56 0.210664 0.244773
1357 13.57 0.213107 0.243826
1358 13.58 0.21554 0.242882
1359 13.59 0.217964 0.241941
1360 13.6 0.220379 0.241001
1361 13.61 0.222784 0.240064
1362 13.62 0.22518 0.239129
1363 13.63 0.227567 0.238197
1364 13.64 0.229944 0.237267
1365 13.65 0.232312 0.23634
1366 13.66 0.234671 0.235414
1367 13.67 0.237021 0.234492
1368 13.68 0.239361 0.233571
1369 13.69 0.241692 0.232654
1370 13.7 0.244014 0.231738
1371 13.71 0.246327 0.230825
1372 13.72 0.24863 0.229915
1373 13.73 0.250925 0.229007
1374 13.74 0.253211 0.228102
1375 13.75 0.255487 0.227199
1376 13.76 0.257755 0.226299
1377 13.77 0.260013 0.225401
1378 13.78 0.262263 0.224506
1379 13.79 0.264503 0.223613
1380 13.8 0.266735 0.222723
1381 13.81 0.268958 0.221836
1382 13.82 0.271172 0.220951
1383 13.83 0.273377 0.220069
1384 13.84 0.275573 0.219189
1385 13.85 0.27776 0.218312
1386 13.86 0.279939 0.217437
1387 13.87 0.282109 0.216565
1388 13.88 0.284271 0.215695
1389 13.89 0.286423 0.214829
1390 13.9 0.288567 0.213964
1391 13.91 0.290702 0.213102
1392 13.92 0.292829 0.212243
1393 13.93 0.294947 0.211387
1394 13.94 0.297057 0.210532
1395 13.95 0.299158 0.209681
1396 13.96 0.301251 0.208832
1397 13.97 0.303335 0.207985
1398 13.98 0.30541 0.207141
1399 13.99 0.307477 0.2063
1400 14 0.309536 0.205461
1401 14.01 0.311587 0.204624
1402 14.02 0.313629 0.20379
1403 14.03 0.315662 0.202959
1404 14.04 0.317688 0.20213
1405 14.05 0.319705 0.201303
1406 14.06 0.321714 0.200479
1407 14.07 0.323715 0.199657
1408 14.08 0.325707 0.198838
1409 14.09 0.327691 0.198021
1410 14.1 0.329668 0.197206
1411 14.11 0.331636 0.196394
1412 14.12 0.333595 0.195584
1413 14.13 0.335547 0.194776
1414 14.14 0.337491 0.193971
1415 14.15 0.339427 0.193168
1416 14.16 0.341354 0.192367
1417 14.17 0.343274 0.191568
1418 14.18 0.345186 0.190772
1419 14.19 0.347089 0.189978
1420 14.2 0.348985 0.189186
1421 14.21 0.350873 0.188396
1422 14.22 0.352753 0.187608
1423 14.23 0.354625 0.186822
1424 14.24 0.35649 0.186039
1425 14.25 0.358346 0.185257
1426 14.26 0.360195 0.184478
1427 14.27 0.362036 0.1837
1428 14.28 0.363869 0.182925
1429 14.29 0.365694 0.182151
1430 14.3 0.367512 0.18138
1431 14.31 0.369322 0.18061
1432 14.32 0.371124 0.179842
1433 14.33 0.372919 0.179076
1434 14.34 0.374706 0.178312
1435 14.35 0.376485 0.177549
1436 14.36 0.378257 0.176789
1437 14.37 0.380021 0.17603
1438 14.38 0.381777 0.175273
1439 14.39 0.383526 0.174517
1440 14.4 0.385268 0.173763
1441 14.41 0.387001 0.173011
1442 14.42 0.388728 0.17226
1443 14.43 0.390447 0.171511
1444 14.44 0.392158 0.170763
1445 14.45 0.393862 0.170017
1446 14.46 0.395558 0.169272
1447 14.47 0.397247 0.168528
1448 14.48 0.398929 0.167786
1449 14.49 0.400603 0.167045
1450 14.5 0.40227 0.166306
1451 14.51 0.403929 0.165568
1452 14.52 0.405581 0.164831
1453 14.53 0.407226 0.164095
1454 14.54 0.408863 0.16336
1455 14.55 0.410493 0.162627
1456 14.56 0.412116 0.161895
1457 14.57 0.413731 0.161163
1458 14.58 0.415339 0.160433
1459 14.59 0.41694 0.159703
1460 14.6 0.418533 0.158975
1461 14.61 0.420119 0.158247
1462 14.62 0.421698 0.157521
1463 14.63 0.423269 0.156795
1464 14.64 0.424834 0.15607
1465 14.65 0.426391 0.155345
1466 14.66 0.427941 0.154621
1467 14.67 0.429483 0.153898
1468 14.68 0.431019 0.153176
1469 14.69 0.432547 0.152454
1470 14.7 0.434068 0.151733
1471 14.71 0.435581 0.151012
1472 14.72 0.437088 0.150292
1473 14.73 0.438587 0.149572
1474 14.74 0.440079 0.148853
1475 14.75 0.441564 0.148133
1476 14.76 0.443042 0.147415
1477 14.77 0.444513 0.146696
1478 14.78 0.445976 0.145978
1479 14.79 0.447432 0.145259
1480 14.8 0.448881 0.144541
1481 14.81 0.450323 0.143823
1482 14.82 0.451758 0.143106
1483 14.83 0.453185 0.142388
1484 14.84 0.454605 0.14167
1485 14.85 0.456019 0.140952
1486 14.86 0.457424 0.140234
1487 14.87 0.458823 0.139516
1488 14.88 0.460215 0.138797
1489 14.89 0.461599 0.138079
1490 14.9 0.462976 0.13736
1491 14.91 0.464346 0.136641
1492 14.92 0.465709 0.135921
1493 14.93 0.467065 0.135201
1494 14.94 0.468413 0.134481
1495 14.95 0.469754 0.13376
1496 14.96 0.471088 0.133038
1497 14.97 0.472415 0.132316
1498 14.98 0.473735 0.131594
1499 14.99 0.475047 0.130871
1500 15 0.476352 0.130147
1501 15.01 0.47765 0.129422
1502 15.02 0.478941 0.128697
1503 15.03 0.480224 0.12797
1504 15.04 0.4815 0.127243
1505 15.05 0.482769 0.126515
1506 15.06 0.48403 0.125787
1507 15.07 0.485284 0.125057
1508 15.08 0.486531 0.124326
1509 15.09 0.487771 0.123594
1510 15.1 0.489003 0.122861
1511 15.11 0.490228 0.122127
1512 15.12 0.491446 0.121391
1513 15.13 0.492656 0.120655
1514 15.14 0.493859 0.119917
1515 15.15 0.495054 0.119178
1516 15.16 0.496242 0.118438
1517 15.17 0.497423 0.117696
1518 15.18 0.498596 0.116953
1519 15.19 0.499762 0.116208
1520 15.2 0.50092 0.115462
1521 15.21 0.502071 0.114714
1522 15.22 0.503215 0.113965
1523 15.23 0.504351 0.113214
1524 15.24 0.505479 0.112461
1525 15.25 0.5066 0.111707
1526 15.26 0.507713 0.110951
1527 15.27 0.508819 0.110194
1528 15.28 0.509917 0.109434
1529 15.29 0.511008 0.108673
1530 15.3 0.512091 0.10791
1531 15.31 0.513166 0.107145
1532 15.32 0.514233 0.106378
1533 15.33 0.515293 0.105609
1534 15.34 0.516346 0.104838
1535 15.35 0.51739 0.104065
1536 15.36 0.518427 0.103289
1537 15.37 0.519456 0.102512
1538 15.38 0.520477 0.101733
1539 15.39 0.52149 0.100951
1540 15.4 0.522496 0.100167
1541 15.41 0.523494 0.0993812
1542 15.42 0.524484 0.0985929
1543 15.43 0.525466 0.0978021
1544 15.44 0.52644 0.0970091
1545 15.45 0.527406 0.0962136
1546 15.46 0.528364 0.0954158
1547 15.47 0.529314 0.0946154
1548 15.48 0.530256 0.0938126
1549 15.49 0.53119 0.0930073
1550 15.5 0.532116 0.0921994
1551 15.51 0.533034 0.0913889
1552 15.52 0.533944 0.0905759
1553 15.53 0.534846 0.0897601
1554 15.54 0.535739 0.0889418
1555 15.55 0.536625 0.0881207
1556 15.56 0.537502 0.0872969
1557 15.57 0.538371 0.0864703
1558 15.58 0.539231 0.085641
1559 15.59 0.540083 0.0848088
1560 15.6 0.540927 0.0839738
1561 15.61 0.541763 0.0831359
1562 15.62 0.54259 0.0822952
1563 15.63 0.543409 0.0814515
1564 15.64 0.544219 0.0806049
1565 15.65 0.545021 0.0797553
1566 15.66 0.545814 0.0789027
1567 15.67 0.546599 0.0780471
1568 15.68 0.547375 0.0771885
1569 15.69 0.548143 0.0763267
1570 15.7 0.548902 0.0754619
1571 15.71 0.549652 0.074594
1572 15.72 0.550394 0.0737229
1573 15.73 0.551126 0.0728487
1574 15.74 0.55185 0.0719713
1575 15.75 0.552566 0.0710907
1576 15.76 0.553272 0.0702069
1577 15.77 0.55397 0.0693198
1578 15.78 0.554659 0.0684295
1579 15.79 0.555339 0.0675358
1580 15.8 0.556009 0.0666389
1581 15.81 0.556671 0.0657387
1582 15.82 0.557324 0.0648351
1583 15.83 0.557968 0.0639281
1584 15.84 0.558603 0.0630178
1585 15.85 0.559228 0.0621041
1586 15.86 0.559845 0.061187
1587 15.87 0.560452 0.0602665
1588 15.88 0.56105 0.0593425
1589 15.89 0.561639 0.0584151
1590 15.9 0.562218 0.0574842
1591 15.91 0.562789 0.0565498
1592 15.92 0.563349 0.0556119
1593 15.93 0.563901 0.0546705
1594 15.94 0.564443 0.0537256
1595 15.95 0.564975 0.0527772
1596 15.96 0.565498 0.0518252
1597 15.97 0.566012 0.0508697
1598 15.98 0.566516 0.0499106
1599 15.99 0.56701 0.0489479
1600 16 0.567495 0.0479816
1601 16.01 0.56797 0.0470117
1602 16.02 0.568435 0.0460383
1603 16.03 0.56889 0.0450612
1604 16.04 0.569336 0.0440805
1605 16.05 0.569772 0.0430962
1606 16.06 0.570198 0.0421082
1607 16.07 0.570614 0.0411166
1608 16.08 0.57102 0.0401214
1609 16.09 0.571417 0.0391225
1610 16.1 0.571803 0.0381199
1611 16.11 0.572179 0.0371137
1612 16.12 0.572545 0.0361039
1613 16.13 0.572901 0.0350903
1614 16.14 0.573247 0.0340731
1615 16.15 0.573582 0.0330522
1616 16.16 0.573908 0.0320277
1617 16.17 0.574223 0.0309995
1618 16.18 0.574528 0.0299676
1619 16.19 0.574822 0.028932
1620 16.2 0.575106 0.0278928
1621 16.21 0.57538 0.0268499
1622 16.22 0.575643 0.0258033
1623 16.23 0.575896 0.024753
1624 16.24 0.576138 0.0236991
1625 16.25 0.57637 0.0226415
1626 16.26 0.576591 0.0215803
1627 16.27 0.576802 0.0205154
1628 16.28 0.577002 0.0194468
1629 16.29 0.577191 0.0183746
1630 16.3 0.577369 0.0172988
1631 16.31 0.577537 0.0162193
1632 16.32 0.577693 0.0151362
1633 16.33 0.577839 0.0140495
1634 16.34 0.577974 0.0129591
1635 16.35 0.578099 0.0118652
1636 16.36 0.578212 0.0107677
1637 16.37 0.578314 0.00966655
1638 16.38 0.578405 0.00856185
1639 16.39 0.578485 0.00745358
1640 16.4 0.578554 0.00634176
1641 16.41 0.578612 0.00522639
1642 16.42 0.578659 0.00410749
1643 16.43 0.578694 0.00298507
1644 16.44 0.578718 0.00185914
1645 16.45 0.578731 0.000729716
1646 16.46 0.578733 -0.00040319
1647 16.47 0.578723 -0.00153956
1648 16.48 0.578702 -0.00267939
1649 16.49 0.57867 -0.00382265
1650 16.5 0.578626 -0.00496933
1651 16.51 0.57857 -0.00611942
1652 16.52 0.578503 -0.0072729
1653 16.53 0.578425 -0.00842974
1654 16.54 0.578335 -0.00958994
1655 16.55 0.578233 -0.0107535
1656 16.56 0.57812 -0.0119203
1657 16.57 0.577994 -0.0130905
1658 16.58 0.577858 -0.0142639
1659 16.59 0.577709 -0.0154406
1660 16.6 0.577549 -0.0166205
1661 16.61 0.577377 -0.0178036
1662 16.62 0.577193 -0.0189899
1663 16.63 0.576997 -0.0201794
1664 16.64 0.576789 -0.0213721
1665 16.65 0.576569 -0.0225679
1666 16.66 0.576338 -0.0237667
1667 16.67 0.576094 -0.0249687
1668 16.68 0.575838 -0.0261737
1669 16.69 0.575571 -0.0273817
1670 16.7 0.575291 -0.0285927
1671 16.71 0.574999 -0.0298067
1672 16.72 0.574695 -0.0310237
1673 16.73 0.574378 -0.0322436
1674 16.74 0.57405 -0.0334663
1675 16.75 0.573709 -0.034692
1676 16.76 0.573356 -0.0359205
1677 16.77 0.572991 -0.0371518
1678 16.78 0.572613 -0.0383858
1679 16.79 0.572223 -0.0396227
1680 16.8 0.57182 -0.0408622
1681 16.81 0.571406 -0.0421044
1682 16.82 0.570978 -0.0433493
1683 16.83 0.570539 -0.0445969
1684 16.84 0.570086 -0.045847
1685 16.85 0.569622 -0.0470997
1686 16.86 0.569144 -0.0483549
1687 16.87 0.568655 -0.0496126
1688 16.88 0.568152 -0.0508728
1689 16.89 0.567637 -0.0521354
1690 16.9 0.567109 -0.0534005
1691 16.91 0.566569 -0.0546678
1692 16.92 0.566016 -0.0559375
1693 16.93 0.56545 -0.0572095
1694 16.94 0.564872 -0.0584838
1695 16.95 0.564281 -0.0597603
1696 16.96 0.563677 -0.0610389
1697 16.97 0.56306 -0.0623197
1698 16.98 0.56243 -0.0636027
1699 16.99 0.561788 -0.0648876
1700 17 0.561132 -0.0661746
1701 17.01 0.560464 -0.0674637
1702 17.02 0.559783 -0.0687546
1703 17.03 0.559089 -0.0700475
1704 17.04 0.558382 -0.0713422
1705 17.05 0.557662 -0.0726388
1706 17.06 0.556929 -0.0739372
1707 17.07 0.556184 -0.0752373
1708 17.08 0.555425 -0.0765391
1709 17.09 0.554653 -0.0778427
1710 17.1 0.553868 -0.0791478
1711 17.11 0.55307 -0.0804545
1712 17.12 0.552259 -0.0817628
1713 17.13 0.551435 -0.0830725
1714 17.14 0.550597 -0.0843837
1715 17.15 0.549747 -0.0856964
1716 17.16 0.548883 -0.0870104
1717 17.17 0.548007 -0.0883257
1718 17.18 0.547117 -0.0896423
1719 17.19 0.546214 -0.0909601
1720 17.2 0.545298 -0.0922791
1721 17.21 0.544368 -0.0935993
1722 17.22 0.543426 -0.0949205
1723 17.23 0.54247 -0.0962428
1724 17.24 0.541501 -0.0975661
1725 17.25 0.540518 -0.0988904
1726 17.26 0.539523 -0.100216
1727 17.27 0.538514 -0.101542
1728 17.28 0.537492 -0.102868
1729 17.29 0.536457 -0.104196
1730 17.3 0.535408 -0.105524
1731 17.31 0.534346 -0.106853
1732 17.32 0.533271 -0.108183
1733 17.33 0.532183 -0.109513
1734 17.34 0.531081 -0.110844
1735 17.35 0.529966 -0.112175
1736 17.36 0.528837 -0.113507
1737 17.37 0.527696 -0.114839
1738 17.38 0.526541 -0.116171
1739 17.39 0.525372 -0.117504
1740 17.4 0.524191 -0.118836
1741 17.41 0.522995 -0.120169
1742 17.42 0.521787 -0.121502
1743 17.43 0.520565 -0.122835
1744 17.44 0.51933 -0.124169
1745 17.45 0.518082 -0.125502
1746 17.46 0.51682 -0.126835
1747 17.47 0.515545 -0.128168
1748 17.48 0.514257 -0.1295
1749 17.49 0.512955 -0.130833
1750 17.5 0.51164 -0.132165
1751 17.51 0.510312 -0.133497
1752 17.52 0.50897 -0.134828
1753 17.53 0.507615 -0.136159
1754 17.54 0.506247 -0.137489
1755 17.55 0.504866 -0.138819
1756 17.56 0.503471 -0.140148
1757 17.57 0.502063 -0.141477
1758 17.58 0.500641 -0.142805
1759 17.59 0.499207 -0.144132
1760 17.6 0.497759 -0.145458
1761 17.61 0.496298 -0.146783
1762 17.62 0.494823 -0.148107
1763 17.63 0.493335 -0.149431
1764 17.64 0.491834 -0.150753
1765 17.65 0.49032 -0.152074
1766 17.66 0.488793 -0.153394
1767 17.67 0.487252 -0.154713
1768 17.68 0.485699 -0.15603
1769 17.69 0.484132 -0.157346
1770 17.7 0.482552 -0.158661
1771 17.71 0.480959 -0.159974
1772 17.72 0.479352 -0.161286
1773 17.73 0.477733 -0.162596
1774 17.74 0.4761 -0.163904
1775 17.75 0.474455 -0.165211
1776 17.76 0.472796 -0.166516
1777 17.77 0.471125 -0.16782
1778 17.78 0.46944 -0.169121
1779 17.79 0.467742 -0.170421
1780 17.8 0.466031 -0.171718
1781 17.81 0.464308 -0.173014
1782 17.82 0.462571 -0.174308
1783 17.83 0.460822 -0.175599
1784 17.84 0.459059 -0.176888
1785 17.85 0.457284 -0.178175
1786 17.86 0.455496 -0.17946
1787 17.87 0.453695 -0.180742
1788 17.88 0.451881 -0.182022
1789 17.89 0.450054 -0.183299
1790 17.9 0.448215 -0.184574
1791 17.91 0.446363 -0.185846
1792 17.92 0.444498 -0.187116
1793 17.93 0.44262 -0.188383
1794 17.94 0.44073 -0.189647
1795 17.95 0.438827 -0.190908
1796 17.96 0.436912 -0.192167
1797 17.97 0.434984 -0.193422
1798 17.98 0.433044 -0.194675
1799 17.99 0.431091 -0.195924
1800 18 0.429125 -0.197171
1801 18.01 0.427147 -0.198414
1802 18.02 0.425157 -0.199654
1803 18.03 0.423154 -0.200891
1804 18.04 0.421139 -0.202124
1805 18.05 0.419112 -0.203354
1806 18.06 0.417072 -0.204581
1807 18.07 0.41502 -0.205804
1808 18.08 0.412956 -0.207023
1809 18.09 0.41088 -0.208239
1810 18.1 0.408791 -0.209451
1811 18.11 0.406691 -0.21066
1812 18.12 0.404578 -0.211864
1813 18.13 0.402453 -0.213065
1814 18.14 0.400317 -0.214262
1815 18.15 0.398168 -0.215455
1816 18.16 0.396008 -0.216644
1817 18.17 0.393835 -0.217829
1818 18.18 0.391651 -0.21901
1819 18.19 0.389455 -0.220186
1820 18.2 0.387247 -0.221359
1821 18.21 0.385028 -0.222527
1822 18.22 0.382797 -0.22369
1823 18.23 0.380554 -0.22485
1824 18.24 0.3783 -0.226004
1825 18.25 0.376034 -0.227155
1826 18.26 0.373757 -0.2283
1827 18.27 0.371468 -0.229441
1828 18.28 0.369168 -0.230578
1829 18.29 0.366857 -0.23171
1830 18.3 0.364534 -0.232836
1831 18.31 0.3622 -0.233959
1832 18.32 0.359855 -0.235076
1833 18.33 0.357498 -0.236188
1834 18.34 0.355131 -0.237295
1835 18.35 0.352752 -0.238397
1836 18.36 0.350363 -0.239494
1837 18.37 0.347963 -0.240586
1838 18.38 0.345551 -0.241673
1839 18.39 0.343129 -0.242754
1840 18.4 0.340696 -0.24383
1841 18.41 0.338253 -0.244901
1842 18.42 0.335798 -0.245966
1843 18.43 0.333333 -0.247026
1844 18.44 0.330858 -0.24808
1845 18.45 0.328372 -0.249129
1846 18.46 0.325875 -0.250172
1847 18.47 0.323368 -0.251209
1848 18.48 0.320851 -0.252241
1849 18.49 0.318323 -0.253266
1850 18.5 0.315786 -0.254286
1851 18.51 0.313238 -0.2553
1852 18.52 0.31068 -0.256308
1853 18.53 0.308112 -0.25731
1854 18.54 0.305534 -0.258306
1855 18.55 0.302946 -0.259296
1856 18.56 0.300348 -0.26028
1857 18.57 0.29774 -0.261258
1858 18.58 0.295123 -0.262229
1859 18.59 0.292495 -0.263194
1860 18.6 0.289859 -0.264153
1861 18.61 0.287212 -0.265105
1862 18.62 0.284557 -0.266051
1863 18.63 0.281891 -0.266991
1864 18.64 0.279217 -0.267924
1865 18.65 0.276533 -0.26885
1866 18.66 0.27384 -0.26977
1867 18.67 0.271138 -0.270683
1868 18.68 0.268426 -0.271589
1869 18.69 0.265706 -0.272488
1870 18.7 0.262976 -0.273381
1871 18.71 0.260238 -0.274267
1872 18.72 0.257491 -0.275146
1873 18.73 0.254735 -0.276018
1874 18.74 0.251971 -0.276883
1875 18.75 0.249198 -0.277741
1876 18.76 0.246416 -0.278592
1877 18.77 0.243626 -0.279436
1878 18.78 0.240827 -0.280273
1879 18.79 0.23802 -0.281102
1880 18.8 0.235205 -0.281924
1881 18.81 0.232382 -0.282739
1882 18.82 0.22955 -0.283547
1883 18.83 0.226711 -0.284347
1884 18.84 0.223864 -0.28514
1885 18.85 0.221008 -0.285925
1886 18.86 0.218145 -0.286703
1887 18.87 0.215274 -0.287473
1888 18.88 0.212396 -0.288236
1889 18.89 0.20951 -0.288991
1890 18.9 0.206616 -0.289738
1891 18.91 0.203715 -0.290478
1892 18.92 0.200806 -0.29121
1893 18.93 0.197891 -0.291934
1894 18.94 0.194968 -0.29265
1895 18.95 0.192038 -0.293359
1896 18.96 0.189101 -0.29406
1897 18.97 0.186156 -0.294752
1898 18.98 0.183206 -0.295437
1899 18.99 0.180248 -0.296114
1900 19 0.177283 -0.296782
1901 19.01 0.174312 -0.297443
1902 19.02 0.171334 -0.298096
1903 19.03 0.16835 -0.29874
1904 19.04 0.16536 -0.299376
1905 19.05 0.162363 -0.300004
1906 19.06 0.15936 -0.300624
1907 19.07 0.15635 -0.301235
1908 19.08 0.153335 -0.301839
1909 19.09 0.150314 -0.302433
1910 19.1 0.147286 -0.30302
1911 19.11 0.144253 -0.303598
1912 19.12 0.141214 -0.304167
1913 19.13 0.13817 -0.304729
1914 19.14 0.13512 -0.305281
1915 19.15 0.132064 -0.305825
1916 19.16 0.129003 -0.306361
1917 19.17 0.125937 -0.306888
1918 19.18 0.122866 -0.307406
1919 19.19 0.119789 -0.307916
1920 19.2 0.116707 -0.308417
1921 19.21 0.113621 -0.308909
1922 19.22 0.110529 -0.309392
1923 19.23 0.107433 -0.309867
1924 19.24 0.104332 -0.310333
1925 19.25 0.101226 -0.31079
1926 19.26 0.0981161 -0.311239
1927 19.27 0.0950015 -0.311678
1928 19.28 0.0918825 -0.312109
1929 19.29 0.0887593 -0.31253
1930 19.3 0.085632 -0.312943
1931 19.31 0.0825005 -0.313347
1932 19.32 0.0793651 -0.313742
1933 19.33 0.0762257 -0.314127
1934 19.34 0.0730826 -0.314504
1935 19.35 0.0699357 -0.314872
1936 19.36 0.0667852 -0.31523
1937 19.37 0.0636311 -0.31558
1938 19.38 0.0604736 -0.31592
1939 19.39 0.0573127 -0.316251
1940 19.4 0.0541486 -0.316573
1941 19.41 0.0509813 -0.316886
1942 19.42 0.0478109 -0.31719
1943 19.43 0.0446375 -0.317484
1944 19.44 0.0414613 -0.317769
1945 19.45 0.0382822 -0.318045
1946 19.46 0.0351004 -0.318312
1947 19.47 0.031916 -0.318569
1948 19.48 0.0287291 -0.318817
1949 19.49 0.0255397 -0.319056
1950 19.5 0.022348 -0.319285
1951 19.51 0.019154 -0.319505
1952 19.52 0.0159579 -0.319715
1953 19.53 0.0127597 -0.319917
1954 19.54 0.0095596 -0.320108
1955 19.55 0.0063576 -0.320291
1956 19.56 0.00315382 -0.320464
1957 19.57 -5.16469e-05 -0.320627
1958 19.58 -0.0032587 -0.320781
1959 19.59 -0.00646724 -0.320926
1960 19.6 -0.00967718 -0.321061
1961 19.61 -0.0128884 -0.321186
1962 19.62 -0.0161009 -0.321303
1963 19.63 -0.0193144 -0.321409
1964 19.64 -0.022529 -0.321506
1965 19.65 -0.0257445 -0.321594
1966 19.66 -0.0289609 -0.321671
1967 19.67 -0.0321779 -0.32174
1968 19.68 -0.0353956 -0.321799
1969 19.69 -0.0386139 -0.321848
1970 19.7 -0.0418326 -0.321888
1971 19.71 -0.0450516 -0.321918
1972 19.72 -0.0482709 -0.321938
1973 19.73 -0.0514903 -0.321949
1974 19.74 -0.0547098 -0.32195
1975 19.75 -0.0579293 -0.321942
1976 19.76 -0.0611486 -0.321924
1977 19.77 -0.0643677 -0.321896
1978 19.78 -0.0675865 -0.321859
1979 19.79 -0.0708049 -0.321812
1980 19.8 -0.0740227 -0.321756
1981 19.81 -0.07724 -0.321689
1982 19.82 -0.0804565 -0.321614
1983 19.83 -0.0836722 -0.321528
1984 19.84 -0.086887 -0.321433
1985 19.85 -0.0901008 -0.321328
1986 19.86 -0.0933136 -0.321214
1987 19.87 -0.0965251 -0.32109
1988 19.88 -0.0997353 -0.320956
1989 19.89 -0.102944 -0.320813
1990 19.9 -0.106152 -0.32066
1991 19.91 -0.109357 -0.320497
1992 19.92 -0.112561 -0.320325
1993 19.93 -0.115764 -0.320143
1994 19.94 -0.118964 -0.319952
1995 19.95 -0.122163 -0.319751
1996 19.96 -0.125359 -0.31954
1997 19.97 -0.128554 -0.319319
1998 19.98 -0.131746 -0.319089
1999 19.99 -0.134935 -0.31885
