0 1 0
0.1 0.995004 -0.0998333
0.2 0.980067 -0.198669
0.3 0.955337 -0.29552
0.4 0.921061 -0.389418
0.5 0.877583 -0.479425
0.6 0.825336 -0.564642
0.7 0.764843 -0.644217
0.8 0.696707 -0.717356
0.9 0.621611 -0.783326
1 0.540303 -0.84147
1.1 0.453597 -0.891207
1.2 0.362359 -0.932039
1.3 0.2675 -0.963558
1.4 0.169968 -0.985449
1.5 0.0707384 -0.997495
1.6 -0.0291982 -0.999574
1.7 -0.128843 -0.991665
1.8 -0.227201 -0.973848
1.9 -0.323288 -0.9463
2 -0.416145 -0.909298
2.1 -0.504845 -0.86321
2.2 -0.5885 -0.808497
2.3 -0.666274 -0.745706
2.4 -0.737392 -0.675465
2.5 -0.801142 -0.598474
2.6 -0.856887 -0.515503
2.7 -0.904071 -0.427382
2.8 -0.942221 -0.33499
2.9 -0.970957 -0.239252
3 -0.989992 -0.141122
3.1 -0.999135 -0.0415832
3.2 -0.998295 0.0583715
3.3 -0.98748 0.157743
3.4 -0.966799 0.255538
3.5 -0.936457 0.35078
3.6 -0.89676 0.442518
3.7 -0.848101 0.529833
3.8 -0.790969 0.611855
3.9 -0.725934 0.687764
4 -0.653646 0.7568
4.1 -0.574827 0.818275
4.2 -0.490264 0.871574
4.3 -0.400802 0.916164
4.4 -0.307336 0.951601
4.5 -0.210799 0.977529
4.6 -0.112156 0.99369
4.7 -0.0123926 0.999923
4.8 0.087495 0.996165
4.9 0.186508 0.982453
5 0.283658 0.958925
5.1 0.377974 0.925816
5.2 0.468513 0.883456
5.3 0.55437 0.83227
5.4 0.634689 0.772767
5.5 0.708666 0.705543
5.6 0.775563 0.63127
5.7 0.83471 0.550689
5.8 0.885517 0.464606
5.9 0.927476 0.373881
6 0.960168 0.27942
6.1 0.983267 0.182167
6.2 0.996541 0.0830945
6.3 0.999858 -0.0168087
6.4 0.993185 -0.116544
6.5 0.976588 -0.215115
6.6 0.950234 -0.311536
6.7 0.914385 -0.404845
6.8 0.8694 -0.494108
6.9 0.815728 -0.578435
7 0.753906 -0.656982
7.1 0.684551 -0.728965
7.2 0.608356 -0.793664
7.3 0.526082 -0.850433
7.4 0.438553 -0.898705
7.5 0.346641 -0.937997
7.6 0.251266 -0.967918
7.7 0.15338 -0.988167
7.8 0.0539619 -0.998542
7.9 -0.0459955 -0.998941
8 -0.145493 -0.989359
8.1 -0.243537 -0.969891
8.2 -0.339148 -0.940732
8.3 -0.43137 -0.902174
8.4 -0.519282 -0.854602
8.5 -0.602006 -0.798491
8.6 -0.678714 -0.734402
8.7 -0.748641 -0.662974
8.8 -0.811088 -0.584923
8.9 -0.865431 -0.501027
9 -0.911127 -0.412125
9.1 -0.947719 -0.319105
9.2 -0.974841 -0.222897
9.3 -0.992224 -0.124462
9.4 -0.999692 -0.0247832
9.5 -0.997172 0.0751432
9.6 -0.984689 0.174319
9.7 -0.962366 0.271753
9.8 -0.930429 0.366471
9.9 -0.889194 0.457528
10 -0.839075 0.544014
10.1 -0.780573 0.625064
10.2 -0.714271 0.699868
10.3 -0.640833 0.76768
10.4 -0.560991 0.827821
10.5 -0.475544 0.879691
10.6 -0.385346 0.922771
10.7 -0.291298 0.956632
10.8 -0.194339 0.980934
10.9 -0.0954378 0.995435
11 0.00441656 0.999989
11.1 0.104227 0.994553
11.2 0.202996 0.979179
11.3 0.299736 0.954021
11.4 0.393482 0.919332
11.5 0.483296 0.875456
11.6 0.568281 0.822833
11.7 0.647588 0.761989
11.8 0.720425 0.693532
11.9 0.786064 0.618144
12 0.843848 0.536581
12.1 0.893201 0.449656
12.2 0.933629 0.358238
12.3 0.964729 0.263241
12.4 0.98619 0.165614
12.5 0.997797 0.0663322
12.6 0.999434 -0.0336126
12.7 0.991085 -0.133221
12.8 0.972834 -0.231499
12.9 0.944863 -0.327464
13 0.90745 -0.420157
13.1 0.860971 -0.508652
13.2 0.80589 -0.592064
13.3 0.742756 -0.669561
13.4 0.672201 -0.740368
13.5 0.594929 -0.803777
13.6 0.511713 -0.859155
13.7 0.423384 -0.905949
13.8 0.330825 -0.943691
13.9 0.234961 -0.972004
14 0.136749 -0.990605
14.1 0.03717 -0.999308
14.2 -0.0627799 -0.998026
14.3 -0.162103 -0.986773
14.4 -0.259806 -0.96566
14.5 -0.354913 -0.934898
14.6 -0.446474 -0.894796
14.7 -0.533574 -0.845752
14.8 -0.615342 -0.788259
14.9 -0.690963 -0.722889
15 -0.759679 -0.650297
15.1 -0.820805 -0.571207
15.2 -0.87373 -0.486409
15.3 -0.917925 -0.396752
15.4 -0.952948 -0.30313
15.5 -0.97845 -0.20648
15.6 -0.994175 -0.107766
15.7 -0.999967 -0.00797621
15.8 -0.995768 0.0918937
15.9 -0.981619 0.190845
16 -0.957662 0.28789
16.1 -0.924137 0.382059
16.2 -0.881378 0.47241
16.3 -0.829812 0.55804
16.4 -0.769956 0.638095
16.5 -0.702406 0.711775
16.6 -0.627838 0.778343
16.7 -0.546997 0.837133
16.8 -0.46069 0.88756
16.9 -0.369781 0.929118
17 -0.275177 0.961392
17.1 -0.177823 0.984061
17.2 -0.0786923 0.996898
17.3 0.0212244 0.999774
17.4 0.120929 0.99266
17.5 0.219426 0.975628
17.6 0.31573 0.948848
17.7 0.408879 0.912587
17.8 0.497943 0.867208
17.9 0.582031 0.813165
18 0.660305 0.750996
18.1 0.73198 0.681324
18.2 0.796342 0.604844
18.3 0.852748 0.522321
18.4 0.900632 0.434579
18.5 0.939518 0.342495
18.6 0.969017 0.246988
18.7 0.988834 0.149014
18.8 0.99877 0.0495512
18.9 0.998727 -0.0504069
19 0.988706 -0.149861
19.1 0.968805 -0.247819
19.2 0.939225 -0.343299
19.3 0.90026 -0.43535
19.4 0.8523 -0.523051
19.5 0.795824 -0.605526
19.6 0.731396 -0.681951
19.7 0.659661 -0.751562
19.8 0.581334 -0.813663
19.9 0.497199 -0.867635
20 0.408097 -0.912937
20.1 0.314916 -0.949118
20.2 0.218589 -0.975815
20.3 0.120078 -0.992763
20.4 0.0203678 -0.999791
20.5 -0.0795465 -0.99683
20.6 -0.178666 -0.983908
20.7 -0.276 -0.961156
20.8 -0.370577 -0.9288
20.9 -0.461451 -0.887164
21 -0.547714 -0.836664
21.1 -0.628505 -0.777804
21.2 -0.703015 -0.711173
21.3 -0.770502 -0.637435
21.4 -0.83029 -0.557329
21.5 -0.881782 -0.471654
21.6 -0.924464 -0.381267
21.7 -0.957908 -0.287069
21.8 -0.981782 -0.190004
21.9 -0.995846 -0.0910404
22 -0.999959 0.00883303
22.1 -0.994082 0.108618
22.2 -0.978272 0.207318
22.3 -0.952687 0.303946
22.4 -0.917584 0.397538
22.5 -0.873312 0.487157
22.6 -0.820315 0.571909
22.7 -0.759121 0.650947
22.8 -0.690342 0.723481
22.9 -0.614666 0.788785
23 -0.532848 0.846209
23.1 -0.445706 0.895177
23.2 -0.354111 0.935202
23.3 -0.258978 0.965882
23.4 -0.161257 0.986911
23.5 -0.0619247 0.998079
23.6 0.0380263 0.999275
23.7 0.137597 0.990487
23.8 0.235793 0.971802
23.9 0.331634 0.943406
24 0.42416 0.905585
24.1 0.512449 0.858716
24.2 0.595617 0.803266
24.3 0.672834 0.739791
24.4 0.743329 0.668924
24.5 0.806396 0.591373
24.6 0.861406 0.507913
24.7 0.907809 0.419379
24.8 0.945142 0.326654
24.9 0.973031 0.230665
25 0.991198 0.132372
25.1 0.999462 0.0327562
25.2 0.997739 -0.0671871
25.3 0.986047 -0.166459
25.4 0.964502 -0.264068
25.5 0.933321 -0.359038
25.6 0.892814 -0.450421
25.7 0.843387 -0.537303
25.8 0.785533 -0.618817
25.9 0.71983 -0.694148
26 0.646935 -0.762543
26.1 0.567575 -0.823319
26.2 0.482545 -0.875869
26.3 0.392694 -0.919667
26.4 0.298918 -0.954277
26.5 0.202156 -0.979351
26.6 0.103374 -0.994641
26.7 0.00355971 -0.999992
26.8 -0.0962906 -0.995351
26.9 -0.195179 -0.980766
27 -0.292117 -0.956381
27.1 -0.386136 -0.92244
27.2 -0.476297 -0.879282
27.3 -0.561699 -0.827339
27.4 -0.641489 -0.767129
27.5 -0.71487 -0.699255
27.6 -0.781107 -0.624394
27.7 -0.83954 -0.543294
27.8 -0.889585 -0.456766
27.9 -0.930741 -0.365673
28 -0.962598 -0.270928
28.1 -0.984836 -0.173475
28.2 -0.997235 -0.0742887
28.3 -0.999669 0.0256398
28.4 -0.992115 0.125312
28.5 -0.974649 0.223732
28.6 -0.947444 0.319917
28.7 -0.910772 0.412905
28.8 -0.865 0.501768
28.9 -0.810586 0.585617
29 -0.748072 0.663615
29.1 -0.678084 0.734982
29.2 -0.601321 0.799005
29.3 -0.518549 0.855045
29.4 -0.430597 0.902542
29.5 -0.338342 0.941021
29.6 -0.242706 0.970098
29.7 -0.144645 0.989481
29.8 -0.0451395 0.998979
29.9 0.0548174 0.998494
30 0.154227 0.988033
30.1 0.252095 0.9677
30.2 0.347444 0.937698
30.3 0.439322 0.898327
30.4 0.52681 0.849981
30.5 0.609035 0.793141
30.6 0.685174 0.728377
30.7 0.754467 0.656335
30.8 0.816222 0.577735
30.9 0.869821 0.493362
31 0.91473 0.40406
31.1 0.950499 0.310721
31.2 0.976771 0.214277
31.3 0.993283 0.115693
31.4 0.999871 0.0159519
31.5 0.996468 -0.0839482
31.6 0.983109 -0.18301
31.7 0.959927 -0.280242
31.8 0.927154 -0.374675
31.9 0.885117 -0.465364
32 0.834236 -0.551403
32.1 0.77502 -0.631933
32.2 0.70806 -0.706149
32.3 0.634026 -0.773309
32.4 0.553656 -0.832743
32.5 0.467755 -0.883856
32.6 0.37718 -0.926138
32.7 0.282836 -0.959166
32.8 0.185666 -0.982611
32.9 0.0866412 -0.996237
33 -0.0132493 -0.99991
33.1 -0.113007 -0.993592
33.2 -0.211636 -0.977346
33.3 -0.308151 -0.951335
33.4 -0.401586 -0.915819
33.5 -0.491009 -0.871152
33.6 -0.575526 -0.81778
33.7 -0.654293 -0.756238
33.8 -0.726522 -0.68714
33.9 -0.791492 -0.611176
34 -0.848553 -0.529105
34.1 -0.897136 -0.441748
34.2 -0.936756 -0.349977
34.3 -0.967015 -0.254709
34.4 -0.987613 -0.156896
34.5 -0.998342 -0.0575159
34.6 -0.999097 0.0424392
34.7 -0.989868 0.14197
34.8 -0.97075 0.240083
34.9 -0.941932 0.335797
35 -0.903702 0.428155
35.1 -0.856444 0.516236
35.2 -0.800627 0.599159
35.3 -0.736812 0.676095
35.4 -0.665634 0.746275
35.5 -0.587805 0.808999
35.6 -0.504104 0.86364
35.7 -0.415365 0.909652
35.8 -0.322476 0.946575
35.9 -0.226366 0.97404
36 -0.127993 0.991773
36.1 -0.0283416 0.999596
36.2 0.0715929 0.997431
36.3 0.170812 0.985301
36.4 0.268325 0.963326
36.5 0.363156 0.931726
36.6 0.454359 0.890816
36.7 0.541022 0.841005
36.8 0.62228 0.782792
36.9 0.69732 0.716757
37 0.765392 0.64356
37.1 0.825817 0.563933
37.2 0.877991 0.478672
37.3 0.921392 0.388628
37.4 0.955587 0.294701
37.5 0.980234 0.197829
37.6 0.995087 0.0989805
37.7 0.999997 -0.00085685
37.8 0.994916 -0.100686
37.9 0.979893 -0.199508
38 0.95508 -0.296338
38.1 0.920725 -0.390206
38.2 0.877169 -0.480176
38.3 0.82485 -0.565348
38.4 0.764288 -0.644871
38.5 0.69609 -0.71795
38.6 0.620937 -0.783857
38.7 0.53958 -0.841931
38.8 0.452832 -0.891593
38.9 0.361559 -0.932346
39 0.266673 -0.963784
39.1 0.169123 -0.985592
39.2 0.0698835 -0.997552
39.3 -0.0300546 -0.999546
39.4 -0.129692 -0.991552
39.5 -0.228034 -0.97365
39.6 -0.324098 -0.946021
39.7 -0.416923 -0.908939
39.8 -0.505583 -0.862775
39.9 -0.589191 -0.807991
40 -0.666911 -0.745133
40.1 -0.737969 -0.674831
40.2 -0.801653 -0.597785
40.3 -0.857327 -0.514767
40.4 -0.904435 -0.426606
40.5 -0.942506 -0.334182
40.6 -0.97116 -0.238419
40.7 -0.99011 -0.140274
40.8 -0.999167 -0.040727
40.9 -0.998242 0.0592267
41 -0.987342 0.158589
41.1 -0.966577 0.256366
41.2 -0.936154 0.351582
41.3 -0.896378 0.443285
41.4 -0.847645 0.530559
41.5 -0.790443 0.612531
41.6 -0.725343 0.688384
41.7 -0.652996 0.757358
41.8 -0.574124 0.818765
41.9 -0.489515 0.871991
42 -0.400016 0.916505
42.1 -0.30652 0.951861
42.2 -0.209961 0.977707
42.3 -0.111305 0.993783
42.4 -0.0115357 0.999931
42.5 0.0883483 0.996087
42.6 0.18735 0.98229
42.7 0.284479 0.958679
42.8 0.378766 0.925489
42.9 0.469268 0.883052
43 0.555082 0.831792
43.1 0.635349 0.772221
43.2 0.709269 0.704934
43.3 0.776101 0.630604
43.4 0.835179 0.549972
43.5 0.885912 0.463846
43.6 0.927794 0.373085
43.7 0.960405 0.278597
43.8 0.98342 0.181324
43.9 0.996609 0.0822404
44 0.999841 -0.0176653
44.1 0.993082 -0.117395
44.2 0.976401 -0.215951
44.3 0.949964 -0.312349
44.4 0.914035 -0.405627
44.5 0.868974 -0.494852
44.6 0.81523 -0.579132
44.7 0.753341 -0.657626
44.8 0.683924 -0.729549
44.9 0.607674 -0.794183
45 0.525352 -0.850881
45.1 0.437781 -0.899078
45.2 0.345836 -0.938292
45.3 0.250436 -0.96813
45.4 0.152533 -0.988295
45.5 0.0531061 -0.998586
45.6 -0.0468514 -0.998899
45.7 -0.146341 -0.989231
45.8 -0.244368 -0.969679
45.9 -0.339953 -0.940439
46 -0.432142 -0.901802
46.1 -0.520013 -0.854155
46.2 -0.602688 -0.797973
46.3 -0.679342 -0.733818
46.4 -0.749207 -0.662331
46.5 -0.811587 -0.584226
46.6 -0.865858 -0.500284
46.7 -0.911477 -0.411343
46.8 -0.947989 -0.318292
46.9 -0.975029 -0.222061
47 -0.992327 -0.123611
47.1 -0.99971 -0.0239266
47.2 -0.997105 0.0759974
47.3 -0.984536 0.175162
47.4 -0.962131 0.272576
47.5 -0.930112 0.367267
47.6 -0.8888 0.458289
47.7 -0.838607 0.544731
47.8 -0.780035 0.625731
47.9 -0.713669 0.700478
48 -0.640173 0.768227
48.1 -0.56028 0.828299
48.2 -0.474789 0.880096
48.3 -0.384554 0.923099
48.4 -0.290477 0.956878
48.5 -0.193497 0.981097
48.6 -0.0945846 0.995513
48.7 0.00527339 0.999983
48.8 0.105079 0.994461
48.9 0.203834 0.979002
49 0.300553 0.953762
49.1 0.394268 0.918992
49.2 0.484045 0.875039
49.3 0.568985 0.822344
49.4 0.648239 0.761432
49.5 0.721017 0.692912
49.6 0.786591 0.617469
49.7 0.844305 0.535856
49.8 0.893583 0.448889
49.9 0.933933 0.357437
50 0.964952 0.262414
50.1 0.986329 0.164769
50.2 0.997851 0.065477
50.3 0.999402 -0.0344688
50.4 0.990968 -0.13407
50.5 0.972633 -0.232332
50.6 0.944579 -0.328273
50.7 0.907088 -0.420933
50.8 0.860533 -0.509388
50.9 0.80538 -0.592753
51 0.74218 -0.670195
51.1 0.671564 -0.740941
51.2 0.594239 -0.804284
51.3 0.510976 -0.859591
51.4 0.422607 -0.906309
51.5 0.330016 -0.943972
51.6 0.234127 -0.972202
51.7 0.135899 -0.990719
51.8 0.0363137 -0.999337
51.9 -0.0636349 -0.99797
52 -0.162948 -0.986631
52.1 -0.260632 -0.965434
52.2 -0.355713 -0.934591
52.3 -0.447239 -0.89441
52.4 -0.534297 -0.845293
52.5 -0.616016 -0.787729
52.6 -0.69158 -0.722295
52.7 -0.760234 -0.649644
52.8 -0.821292 -0.570502
52.9 -0.874144 -0.485659
53 -0.918262 -0.395964
53.1 -0.953205 -0.302313
53.2 -0.978624 -0.205641
53.3 -0.994265 -0.106914
53.4 -0.999971 -0.00711937
53.5 -0.995686 0.0927466
53.6 -0.981453 0.191686
53.7 -0.957413 0.28871
53.8 -0.923807 0.382849
53.9 -0.88097 0.473163
54 -0.829332 0.55875
54.1 -0.769407 0.638753
54.2 -0.701794 0.712375
54.3 -0.627169 0.778878
54.4 -0.546278 0.837599
54.5 -0.459929 0.887952
54.6 -0.368984 0.929432
54.7 -0.274352 0.961625
54.8 -0.176979 0.984211
54.9 -0.0778379 0.996962
55 0.022081 0.999752
55.1 0.121779 0.992553
55.2 0.220261 0.975437
55.3 0.316542 0.948575
55.4 0.40966 0.912234
55.5 0.498684 0.866779
55.6 0.582726 0.812664
55.7 0.660946 0.750428
55.8 0.732562 0.680695
55.9 0.796858 0.60416
56 0.853193 0.521589
56.1 0.901002 0.433806
56.2 0.939809 0.341689
56.3 0.969226 0.246157
56.4 0.988958 0.148166
56.5 0.99881 0.0486952
56.6 0.998681 -0.0512626
56.7 0.988574 -0.150708
56.8 0.96859 -0.248648
56.9 0.938928 -0.344103
57 0.899884 -0.43612
57.1 0.851849 -0.52378
57.2 0.795302 -0.606206
57.3 0.73081 -0.682575
57.4 0.659015 -0.752125
57.5 0.580635 -0.814159
57.6 0.496455 -0.868058
57.7 0.407313 -0.913284
57.8 0.314102 -0.949385
57.9 0.217753 -0.976
58 0.119227 -0.992863
58.1 0.019511 -0.999806
58.2 -0.0804004 -0.996759
58.3 -0.179508 -0.983752
58.4 -0.276823 -0.960917
58.5 -0.371371 -0.92848
58.6 -0.462209 -0.886766
58.7 -0.548429 -0.836192
58.8 -0.629169 -0.777263
58.9 -0.703623 -0.710568
59 -0.771046 -0.636773
59.1 -0.830765 -0.556616
59.2 -0.882183 -0.470897
59.3 -0.924787 -0.380473
59.4 -0.958151 -0.286248
59.5 -0.981942 -0.189162
59.6 -0.995921 -0.0901868
59.7 -0.999949 0.00968982
59.8 -0.993986 0.10947
59.9 -0.978091 0.208156
60 -0.952424 0.304762
60.1 -0.917241 0.398323
60.2 -0.872892 0.487904
60.3 -0.819822 0.572611
60.4 -0.758561 0.651595
60.5 -0.689721 0.72407
60.6 -0.613988 0.78931
60.7 -0.532122 0.846663
60.8 -0.444938 0.895557
60.9 -0.353309 0.935502
61 -0.258149 0.966101
61.1 -0.160411 0.987046
61.2 -0.0610693 0.998129
61.3 0.0388824 0.99924
61.4 0.138446 0.990366
61.5 0.236625 0.971597
61.6 0.332441 0.94312
61.7 0.424935 0.905219
61.8 0.513183 0.858274
61.9 0.596304 0.802754
62 0.673466 0.739212
62.1 0.7439 0.668285
62.2 0.8069 0.59068
62.3 0.861839 0.507174
62.4 0.908166 0.4186
62.5 0.945419 0.325843
62.6 0.973226 0.229831
62.7 0.991309 0.131522
62.8 0.999487 0.0318997
62.9 0.997678 -0.0680418
63 0.985901 -0.167303
63.1 0.964273 -0.264893
63.2 0.933011 -0.359837
63.3 0.892426 -0.451184
63.4 0.842924 -0.538024
63.5 0.785 -0.619488
63.6 0.719233 -0.694763
63.7 0.646279 -0.763095
63.8 0.566868 -0.823803
63.9 0.481793 -0.87628
64 0.391904 -0.920001
64.1 0.2981 -0.95453
64.2 0.201317 -0.979522
64.3 0.102522 -0.994726
64.4 0.00270286 -0.999992
64.5 -0.0971432 -0.995266
64.6 -0.196019 -0.980596
64.7 -0.292935 -0.956128
64.8 -0.386925 -0.922106
64.9 -0.477049 -0.878871
65 -0.562407 -0.826855
65.1 -0.642145 -0.766578
65.2 -0.715467 -0.69864
65.3 -0.78164 -0.623723
65.4 -0.840003 -0.542573
65.5 -0.889974 -0.456002
65.6 -0.931052 -0.364875
65.7 -0.962827 -0.270102
65.8 -0.984982 -0.17263
65.9 -0.997295 -0.0734339
66 -0.999644 0.0264962
66.1 -0.992005 0.126162
66.2 -0.974454 0.224567
66.3 -0.947167 0.320728
66.4 -0.910415 0.413684
66.5 -0.864568 0.502507
66.6 -0.810081 0.58631
66.7 -0.747501 0.664254
66.8 -0.677452 0.735561
66.9 -0.600634 0.799518
67 -0.517815 0.855487
67.1 -0.429822 0.902909
67.2 -0.337534 0.941308
67.3 -0.241874 0.970303
67.4 -0.143797 0.989602
67.5 -0.0442834 0.999014
67.6 0.0556728 0.998444
67.7 0.155073 0.987898
67.8 0.252923 0.967482
67.9 0.348246 0.937398
68 0.44009 0.897948
68.1 0.527537 0.849527
68.2 0.609712 0.792617
68.3 0.685796 0.727787
68.4 0.755027 0.655686
68.5 0.816715 0.577034
68.6 0.870242 0.492615
68.7 0.915073 0.403275
68.8 0.950762 0.309906
68.9 0.976951 0.21344
69 0.993379 0.114841
69.1 0.999881 0.0150951
69.2 0.996393 -0.0848018
69.3 0.982949 -0.183851
69.4 0.959684 -0.281064
69.5 0.92683 -0.375468
69.6 0.884716 -0.466121
69.7 0.833761 -0.552116
69.8 0.774476 -0.632595
69.9 0.707453 -0.706754
70 0.633361 -0.77385
70.1 0.552941 -0.833215
70.2 0.466996 -0.884254
70.3 0.376385 -0.926458
70.4 0.282013 -0.959405
70.5 0.184824 -0.982767
70.6 0.0857873 -0.996309
70.7 -0.0141061 -0.999896
70.8 -0.113858 -0.993492
70.9 -0.212473 -0.977162
71 -0.308965 -0.951068
71.1 -0.40237 -0.915472
71.2 -0.491754 -0.870728
71.3 -0.576225 -0.817285
71.4 -0.654939 -0.755675
71.5 -0.727108 -0.686515
71.6 -0.792013 -0.610496
71.7 -0.849004 -0.528377
71.8 -0.897512 -0.440978
71.9 -0.937053 -0.349173
72 -0.967231 -0.25388
72.1 -0.987744 -0.15605
72.2 -0.998388 -0.0566603
72.3 -0.999057 0.0432952
72.4 -0.989744 0.142818
72.5 -0.970541 0.240914
72.6 -0.941641 0.336603
72.7 -0.903333 0.428928
72.8 -0.855999 0.516968
72.9 -0.800112 0.599843
73 -0.73623 0.676724
73.1 -0.664992 0.746843
73.2 -0.58711 0.809501
73.3 -0.503362 0.86407
73.4 -0.414584 0.910005
73.5 -0.321664 0.946848
73.6 -0.22553 0.974231
73.7 -0.127143 0.991879
73.8 -0.027485 0.999617
73.9 0.0724474 0.997367
74 0.171656 0.985152
74.1 0.269149 0.963093
74.2 0.363954 0.931412
74.3 0.455121 0.890424
74.4 0.541741 0.840539
74.5 0.622949 0.782256
74.6 0.697932 0.716157
74.7 0.765941 0.642902
74.8 0.826298 0.563224
74.9 0.878399 0.477918
75 0.921722 0.387837
75.1 0.955837 0.293881
75.2 0.980401 0.196988
75.3 0.995169 0.0981275
75.4 0.999993 -0.00171369
75.5 0.994826 -0.101538
75.6 0.97972 -0.200347
75.7 0.954824 -0.297155
75.8 0.920388 -0.390994
75.9 0.876755 -0.480926
76 0.824363 -0.566053
76.1 0.763733 -0.645524
76.2 0.695473 -0.718545
76.3 0.620264 -0.784386
76.4 0.538857 -0.842391
76.5 0.452067 -0.891978
76.6 0.360759 -0.932653
76.7 0.265847 -0.96401
76.8 0.168278 -0.985734
76.9 0.0690286 -0.997609
77 -0.030911 -0.999517
77.1 -0.130542 -0.991437
77.2 -0.228868 -0.973452
77.3 -0.324908 -0.94574
77.4 -0.417701 -0.908579
77.5 -0.50632 -0.862339
77.6 -0.589881 -0.807483
77.7 -0.667548 -0.74456
77.8 -0.738545 -0.674196
77.9 -0.802162 -0.597097
78 -0.857765 -0.514031
78.1 -0.904797 -0.42583
78.2 -0.942789 -0.333373
78.3 -0.971361 -0.237586
78.4 -0.990227 -0.139425
78.5 -0.999199 -0.0398707
78.6 -0.998188 0.0600819
78.7 -0.987203 0.159434
78.8 -0.966354 0.257193
78.9 -0.93585 0.352383
79 -0.895995 0.444051
79.1 -0.847188 0.531283
79.2 -0.789916 0.613207
79.3 -0.724751 0.689003
79.4 -0.652345 0.757915
79.5 -0.57342 0.819255
79.6 -0.488767 0.872408
79.7 -0.39923 0.916845
79.8 -0.305703 0.952121
79.9 -0.209123 0.977884
80 -0.110453 0.993876
80.1 -0.0106789 0.999937
80.2 0.0892015 0.996008
80.3 0.188191 0.982127
80.4 0.2853 0.958433
80.5 0.379558 0.925162
80.6 0.470024 0.882648
80.7 0.555793 0.831314
80.8 0.636009 0.771674
80.9 0.709871 0.704324
81 0.776639 0.629937
81.1 0.835648 0.549255
81.2 0.886307 0.463086
81.3 0.928111 0.372289
81.4 0.960641 0.277773
81.5 0.983573 0.180481
81.6 0.996677 0.0813862
81.7 0.999823 -0.018522
81.8 0.992979 -0.118245
81.9 0.976213 -0.216787
82 0.949694 -0.313162
82.1 0.913685 -0.406409
82.2 0.868547 -0.495595
82.3 0.814731 -0.579829
82.4 0.752775 -0.658269
82.5 0.683297 -0.730133
82.6 0.606992 -0.794701
82.7 0.524621 -0.851329
82.8 0.43701 -0.89945
82.9 0.345031 -0.938585
83 0.249605 -0.968342
83.1 0.151686 -0.988423
83.2 0.0522503 -0.998628
83.3 -0.0477071 -0.998856
83.4 -0.147188 -0.989103
83.5 -0.245198 -0.969467
83.6 -0.340758 -0.940145
83.7 -0.432914 -0.901429
83.8 -0.520743 -0.853706
83.9 -0.60337 -0.797454
84 -0.679968 -0.733233
84.1 -0.749773 -0.661687
84.2 -0.812085 -0.583529
84.3 -0.866284 -0.499541
84.4 -0.911827 -0.410561
84.5 -0.948259 -0.317479
84.6 -0.975217 -0.221225
84.7 -0.99243 -0.122761
84.8 -0.999728 -0.0230699
84.9 -0.997037 0.0768516
85 -0.984383 0.176005
85.1 -0.961894 0.2734
85.2 -0.929794 0.368063
85.3 -0.888404 0.459049
85.4 -0.838138 0.545448
85.5 -0.779496 0.626397
85.6 -0.713067 0.701087
85.7 -0.639513 0.768773
85.8 -0.559569 0.828777
85.9 -0.474034 0.8805
86 -0.383762 0.923426
86.1 -0.289656 0.957125
86.2 -0.192656 0.98126
86.3 -0.0937313 0.995592
86.4 0.00613021 0.999975
86.5 0.10593 0.994368
86.6 0.204672 0.978824
86.7 0.301369 0.953501
86.8 0.395055 0.918651
86.9 0.484793 0.874622
87 0.569688 0.821854
87.1 0.64889 0.760874
87.2 0.721609 0.692292
87.3 0.787118 0.616793
87.4 0.844762 0.535131
87.5 0.893965 0.448122
87.6 0.934237 0.356636
87.7 0.965174 0.261586
87.8 0.986467 0.163923
87.9 0.997904 0.0646218
88 0.99937 -0.0353251
88.1 0.99085 -0.134919
88.2 0.972431 -0.233165
88.3 0.944295 -0.329081
88.4 0.906724 -0.421709
88.5 0.860094 -0.510124
88.6 0.80487 -0.593441
88.7 0.741603 -0.670829
88.8 0.670927 -0.741515
88.9 0.593548 -0.804791
89 0.510237 -0.860026
89.1 0.421829 -0.906669
89.2 0.329206 -0.944252
89.3 0.233294 -0.9724
89.4 0.13505 -0.990833
89.5 0.0354573 -0.999365
89.6 -0.0644898 -0.997912
89.7 -0.163793 -0.986489
89.8 -0.261459 -0.965208
89.9 -0.356512 -0.934284
90 -0.448004 -0.894025
90.1 -0.535019 -0.844832
90.2 -0.616689 -0.787199
90.3 -0.692197 -0.7217
90.4 -0.760788 -0.64899
90.5 -0.821778 -0.569796
90.6 -0.874558 -0.484909
90.7 -0.918599 -0.395176
90.8 -0.953461 -0.301495
90.9 -0.978797 -0.204802
91 -0.994353 -0.106062
91.1 -0.999974 -0.00626252
91.2 -0.995604 0.0935995
91.3 -0.981285 0.192526
91.4 -0.957162 0.289529
91.5 -0.923476 0.38364
91.6 -0.880562 0.473917
91.7 -0.828851 0.559459
91.8 -0.768857 0.639411
91.9 -0.701182 0.712974
92 -0.6265 0.779413
92.1 -0.545559 0.838065
92.2 -0.459166 0.888343
92.3 -0.368186 0.929745
92.4 -0.273527 0.961858
92.5 -0.176135 0.984359
92.6 -0.0769834 0.997026
92.7 0.0229376 0.99973
92.8 0.122629 0.992446
92.9 0.221096 0.975245
93 0.317353 0.948301
93.1 0.41044 0.911881
93.2 0.499426 0.866349
93.3 0.583421 0.812162
93.4 0.661587 0.74986
93.5 0.733143 0.680065
93.6 0.797374 0.603475
93.7 0.853637 0.520856
93.8 0.901371 0.433033
93.9 0.940099 0.340882
94 0.969434 0.245326
94.1 0.989082 0.147319
94.2 0.998849 0.0478392
94.3 0.998634 -0.0521181
94.4 0.988442 -0.151555
94.5 0.968374 -0.249477
94.6 0.93863 -0.344907
94.7 0.899508 -0.43689
94.8 0.851398 -0.524508
94.9 0.794781 -0.606886
95 0.730223 -0.6832
95.1 0.658368 -0.752687
95.2 0.579936 -0.814654
95.3 0.495709 -0.868481
95.4 0.406529 -0.91363
95.5 0.313288 -0.949651
95.6 0.216916 -0.976184
95.7 0.118376 -0.992962
95.8 0.0186543 -0.999819
95.9 -0.0812542 -0.996687
96 -0.180351 -0.983596
96.1 -0.277645 -0.960677
96.2 -0.372166 -0.928159
96.3 -0.462968 -0.886368
96.4 -0.549144 -0.83572
96.5 -0.629833 -0.776722
96.6 -0.704229 -0.709963
96.7 -0.771589 -0.636111
96.8 -0.83124 -0.555902
96.9 -0.882584 -0.47014
97 -0.925111 -0.37968
97.1 -0.958394 -0.285426
97.2 -0.982101 -0.18832
97.3 -0.995995 -0.0893332
97.4 -0.999938 0.0105466
97.5 -0.993889 0.110321
97.6 -0.97791 0.208993
97.7 -0.95216 0.305577
97.8 -0.916897 0.399108
97.9 -0.872472 0.488651
98 -0.819329 0.573311
98.1 -0.758001 0.652244
98.2 -0.689098 0.724659
98.3 -0.61331 0.789833
98.4 -0.531395 0.847116
98.5 -0.444169 0.895935
98.6 -0.352506 0.935802
98.7 -0.257321 0.966319
98.8 -0.159565 0.987181
98.9 -0.0602139 0.998179
99 0.0397385 0.999203
99.1 0.139294 0.990244
99.2 0.237457 0.971391
99.3 0.333248 0.942832
99.4 0.425709 0.904852
99.5 0.513917 0.857832
99.6 0.59699 0.80224
99.7 0.674098 0.738633
99.8 0.74447 0.667645
99.9 0.807404 0.589987
100 0.862271 0.506434
