-99.8 9.17634e-14 3.26574e-07 0.000130989 -0.000303592
-99.6 1.83482e-13 6.53291e-07 0.000261979 -0.000607173
-99.4 2.7511e-13 9.80295e-07 0.000392972 -0.00091073
-99.2 3.66602e-13 1.30773e-06 0.000523967 -0.00121425
-99 4.57915e-13 1.63573e-06 0.000654967 -0.00151773
-98.8 5.49003e-13 1.96445e-06 0.000785972 -0.00182115
-98.6 6.39822e-13 2.29404e-06 0.000916984 -0.0021245
-98.4 7.30329e-13 2.62462e-06 0.001048 -0.00242776
-98.2 8.2048e-13 2.95636e-06 0.00117903 -0.00273094
-98 9.10232e-13 3.28939e-06 0.00131007 -0.00303401
-97.8 9.99543e-13 3.62386e-06 0.00144111 -0.00333696
-97.6 1.08837e-12 3.95991e-06 0.00157217 -0.00363978
-97.4 1.17668e-12 4.2977e-06 0.00170324 -0.00394247
-97.2 1.26442e-12 4.63737e-06 0.00183433 -0.004245
-97 1.35155e-12 4.97907e-06 0.00196543 -0.00454737
-96.8 1.43805e-12 5.32295e-06 0.00209655 -0.00484957
-96.6 1.52387e-12 5.66916e-06 0.00222768 -0.00515158
-96.4 1.60897e-12 6.01785e-06 0.00235883 -0.00545339
-96.2 1.69331e-12 6.36918e-06 0.00249 -0.00575499
-96 1.77688e-12 6.72329e-06 0.00262118 -0.00605637
-95.8 1.85962e-12 7.08035e-06 0.00275239 -0.00635752
-95.6 1.94151e-12 7.4405e-06 0.00288362 -0.00665842
-95.4 2.02251e-12 7.80391e-06 0.00301488 -0.00695907
-95.2 2.1026e-12 8.17073e-06 0.00314615 -0.00725944
-95 2.18175e-12 8.54113e-06 0.00327745 -0.00755954
-94.8 2.25993e-12 8.91527e-06 0.00340878 -0.00785934
-94.6 2.33711e-12 9.2933e-06 0.00354013 -0.00815884
-94.4 2.41327e-12 9.6754e-06 0.00367151 -0.00845803
-94.2 2.48839e-12 1.00617e-05 0.00380292 -0.00875689
-94 2.56243e-12 1.04525e-05 0.00393436 -0.00905541
-93.8 2.63539e-12 1.08478e-05 0.00406583 -0.00935358
-93.6 2.70724e-12 1.12478e-05 0.00419733 -0.00965138
-93.4 2.77797e-12 1.16528e-05 0.00432886 -0.00994882
-93.2 2.84755e-12 1.20629e-05 0.00446042 -0.0102459
-93 2.91597e-12 1.24782e-05 0.00459202 -0.0105425
-92.8 2.98322e-12 1.2899e-05 0.00472365 -0.0108388
-92.6 3.04928e-12 1.33255e-05 0.00485532 -0.0111346
-92.4 3.11414e-12 1.37577e-05 0.00498703 -0.01143
-92.2 3.1778e-12 1.4196e-05 0.00511877 -0.0117249
-92 3.24025e-12 1.46405e-05 0.00525055 -0.0120194
-91.8 3.30147e-12 1.50914e-05 0.00538237 -0.0123134
-91.6 3.36146e-12 1.55489e-05 0.00551423 -0.012607
-91.4 3.42022e-12 1.60132e-05 0.00564614 -0.0129
-91.2 3.47774e-12 1.64845e-05 0.00577808 -0.0131925
-91 3.53403e-12 1.6963e-05 0.00591007 -0.0134846
-90.8 3.58908e-12 1.74489e-05 0.0060421 -0.0137761
-90.6 3.64289e-12 1.79424e-05 0.00617417 -0.0140671
-90.4 3.69546e-12 1.84438e-05 0.00630629 -0.0143575
-90.2 3.7468e-12 1.89533e-05 0.00643846 -0.0146473
-90 3.79691e-12 1.9471e-05 0.00657067 -0.0149366
-89.8 3.8458e-12 1.99972e-05 0.00670293 -0.0152253
-89.6 3.89347e-12 2.05322e-05 0.00683524 -0.0155134
-89.4 3.93993e-12 2.10762e-05 0.0069676 -0.0158009
-89.2 3.98519e-12 2.16293e-05 0.00710001 -0.0160878
-89 4.02926e-12 2.21919e-05 0.00723247 -0.016374
-88.8 4.07215e-12 2.27642e-05 0.00736498 -0.0166596
-88.6 4.11387e-12 2.33465e-05 0.00749755 -0.0169446
-88.4 4.15442e-12 2.39389e-05 0.00763016 -0.0172289
-88.2 4.19384e-12 2.45418e-05 0.00776284 -0.0175125
-88 4.23212e-12 2.51555e-05 0.00789556 -0.0177954
-87.8 4.26929e-12 2.57801e-05 0.00802835 -0.0180776
-87.6 4.30536e-12 2.64159e-05 0.00816118 -0.0183591
-87.4 4.34034e-12 2.70634e-05 0.00829408 -0.0186399
-87.2 4.37425e-12 2.77226e-05 0.00842703 -0.01892
-87 4.40711e-12 2.83939e-05 0.00856005 -0.0191993
-86.8 4.43894e-12 2.90777e-05 0.00869312 -0.0194778
-86.6 4.46975e-12 2.97741e-05 0.00882625 -0.0197556
-86.4 4.49957e-12 3.04835e-05 0.00895944 -0.0200326
-86.2 4.52841e-12 3.12063e-05 0.00909269 -0.0203088
-86 4.55629e-12 3.19426e-05 0.00922601 -0.0205842
-85.8 4.58323e-12 3.26929e-05 0.00935939 -0.0208588
-85.6 4.60925e-12 3.34575e-05 0.00949283 -0.0211326
-85.4 4.63437e-12 3.42367e-05 0.00962634 -0.0214055
-85.2 4.65862e-12 3.50308e-05 0.00975991 -0.0216775
-85 4.68201e-12 3.58403e-05 0.00989354 -0.0219488
-84.8 4.70456e-12 3.66653e-05 0.0100272 -0.0222191
-84.6 4.7263e-12 3.75064e-05 0.010161 -0.0224886
-84.4 4.74724e-12 3.83638e-05 0.0102949 -0.0227571
-84.2 4.7674e-12 3.9238e-05 0.0104288 -0.0230248
-84 4.78682e-12 4.01293e-05 0.0105627 -0.0232915
-83.8 4.8055e-12 4.10381e-05 0.0106968 -0.0235573
-83.6 4.82347e-12 4.19648e-05 0.0108309 -0.0238222
-83.4 4.84074e-12 4.29098e-05 0.0109651 -0.0240861
-83.2 4.85735e-12 4.38735e-05 0.0110993 -0.0243491
-83 4.87331e-12 4.48564e-05 0.0112336 -0.0246111
-82.8 4.88864e-12 4.58588e-05 0.011368 -0.0248721
-82.6 4.90335e-12 4.68812e-05 0.0115025 -0.0251321
-82.4 4.91748e-12 4.79241e-05 0.011637 -0.0253911
-82.2 4.93103e-12 4.89879e-05 0.0117717 -0.0256491
-82 4.94404e-12 5.0073e-05 0.0119063 -0.025906
-81.8 4.9565e-12 5.118e-05 0.0120411 -0.0261619
-81.6 4.96846e-12 5.23092e-05 0.0121759 -0.0264168
-81.4 4.97991e-12 5.34613e-05 0.0123109 -0.0266706
-81.2 4.99089e-12 5.46367e-05 0.0124459 -0.0269233
-81 5.0014e-12 5.58359e-05 0.0125809 -0.027175
-80.8 5.01147e-12 5.70595e-05 0.0127161 -0.0274255
-80.6 5.02111e-12 5.83079e-05 0.0128513 -0.027675
-80.4 5.03034e-12 5.95817e-05 0.0129866 -0.0279233
-80.2 5.03916e-12 6.08815e-05 0.013122 -0.0281705
-80 5.04761e-12 6.22078e-05 0.0132574 -0.0284166
-79.8 5.05569e-12 6.35612e-05 0.0133929 -0.0286615
-79.6 5.06341e-12 6.49423e-05 0.0135286 -0.0289053
-79.4 5.07079e-12 6.63517e-05 0.0136643 -0.0291479
-79.2 5.07785e-12 6.779e-05 0.0138 -0.0293893
-79 5.0846e-12 6.92579e-05 0.0139359 -0.0296295
-78.8 5.09104e-12 7.07559e-05 0.0140718 -0.0298685
-78.6 5.09719e-12 7.22847e-05 0.0142078 -0.0301063
-78.4 5.10306e-12 7.3845e-05 0.0143439 -0.0303429
-78.2 5.10867e-12 7.54375e-05 0.0144801 -0.0305782
-78 5.11402e-12 7.70628e-05 0.0146164 -0.0308123
-77.8 5.11912e-12 7.87216e-05 0.0147527 -0.0310451
-77.6 5.12399e-12 8.04147e-05 0.0148891 -0.0312767
-77.4 5.12862e-12 8.21429e-05 0.0150256 -0.031507
-77.2 5.13304e-12 8.39068e-05 0.0151622 -0.031736
-77 5.13724e-12 8.57072e-05 0.0152989 -0.0319637
-76.8 5.14125e-12 8.75449e-05 0.0154357 -0.0321901
-76.6 5.14505e-12 8.94207e-05 0.0155725 -0.0324152
-76.4 5.14867e-12 9.13354e-05 0.0157094 -0.032639
-76.2 5.1521e-12 9.32899e-05 0.0158465 -0.0328614
-76 5.15535e-12 9.52849e-05 0.0159836 -0.0330824
-75.8 5.15844e-12 9.73214e-05 0.0161207 -0.0333021
-75.6 5.16136e-12 9.94003e-05 0.016258 -0.0335205
-75.4 5.16412e-12 0.000101522 0.0163953 -0.0337374
-75.2 5.16672e-12 0.000103689 0.0165328 -0.033953
-75 5.16917e-12 0.0001059 0.0166703 -0.0341672
-74.8 5.17148e-12 0.000108157 0.0168079 -0.0343799
-74.6 5.17364e-12 0.000110462 0.0169456 -0.0345913
-74.4 5.17567e-12 0.000112814 0.0170834 -0.0348012
-74.2 5.17755e-12 0.000115216 0.0172212 -0.0350096
-74 5.17931e-12 0.000117667 0.0173592 -0.0352166
-73.8 5.18093e-12 0.00012017 0.0174972 -0.0354222
-73.6 5.18242e-12 0.000122725 0.0176353 -0.0356263
-73.4 5.18379e-12 0.000125333 0.0177735 -0.0358288
-73.2 5.18504e-12 0.000127996 0.0179118 -0.03603
-73 5.18617e-12 0.000130714 0.0180502 -0.0362296
-72.8 5.18717e-12 0.000133489 0.0181886 -0.0364277
-72.6 5.18806e-12 0.000136322 0.0183272 -0.0366242
-72.4 5.18883e-12 0.000139215 0.0184658 -0.0368193
-72.2 5.18949e-12 0.000142168 0.0186045 -0.0370128
-72 5.19004e-12 0.000145182 0.0187433 -0.0372047
-71.8 5.19047e-12 0.00014826 0.0188822 -0.0373951
-71.6 5.19079e-12 0.000151402 0.0190211 -0.037584
-71.4 5.19101e-12 0.000154609 0.0191602 -0.0377712
-71.2 5.19111e-12 0.000157884 0.0192993 -0.0379569
-71 5.19111e-12 0.000161228 0.0194385 -0.038141
-70.8 5.19101e-12 0.000164641 0.0195778 -0.0383234
-70.6 5.19079e-12 0.000168126 0.0197172 -0.0385043
-70.4 5.19048e-12 0.000171683 0.0198567 -0.0386835
-70.2 5.19006e-12 0.000175316 0.0199962 -0.0388611
-70 5.18954e-12 0.000179024 0.0201358 -0.039037
-69.8 5.18892e-12 0.00018281 0.0202755 -0.0392113
-69.6 5.1882e-12 0.000186675 0.0204153 -0.0393839
-69.4 5.18738e-12 0.000190621 0.0205552 -0.0395549
-69.2 5.18646e-12 0.00019465 0.0206951 -0.0397242
-69 5.18545e-12 0.000198764 0.0208352 -0.0398917
-68.8 5.18434e-12 0.000202963 0.0209753 -0.0400576
-68.6 5.18314e-12 0.000207251 0.0211155 -0.0402218
-68.4 5.18185e-12 0.000211628 0.0212557 -0.0403843
-68.2 5.18047e-12 0.000216097 0.0213961 -0.040545
-68 5.179e-12 0.00022066 0.0215365 -0.040704
-67.8 5.17744e-12 0.000225318 0.021677 -0.0408613
-67.6 5.1758e-12 0.000230074 0.0218176 -0.0410168
-67.4 5.17408e-12 0.000234929 0.0219582 -0.0411705
-67.2 5.17228e-12 0.000239887 0.0220989 -0.0413225
-67 5.17039e-12 0.000244948 0.0222397 -0.0414727
-66.8 5.16843e-12 0.000250115 0.0223806 -0.0416211
-66.6 5.1664e-12 0.000255391 0.0225216 -0.0417677
-66.4 5.1643e-12 0.000260777 0.0226626 -0.0419125
-66.2 5.16212e-12 0.000266276 0.0228037 -0.0420555
-66 5.15988e-12 0.00027189 0.0229448 -0.0421967
-65.8 5.15758e-12 0.000277622 0.023086 -0.0423361
-65.6 5.15521e-12 0.000283475 0.0232273 -0.0424736
-65.4 5.15279e-12 0.000289449 0.0233687 -0.0426092
-65.2 5.15031e-12 0.000295549 0.0235101 -0.0427431
-65 5.14778e-12 0.000301777 0.0236516 -0.042875
-64.8 5.1452e-12 0.000308136 0.0237932 -0.0430051
-64.6 5.14258e-12 0.000314627 0.0239348 -0.0431333
-64.4 5.13991e-12 0.000321255 0.0240765 -0.0432596
-64.2 5.1372e-12 0.000328021 0.0242182 -0.043384
-64 5.13446e-12 0.00033493 0.0243601 -0.0435065
-63.8 5.13168e-12 0.000341983 0.0245019 -0.0436271
-63.6 5.12888e-12 0.000349184 0.0246439 -0.0437458
-63.4 5.12605e-12 0.000356536 0.0247858 -0.0438625
-63.2 5.1232e-12 0.000364041 0.0249279 -0.0439773
-63 5.12033e-12 0.000371704 0.02507 -0.0440902
-62.8 5.11744e-12 0.000379528 0.0252121 -0.0442011
-62.6 5.11454e-12 0.000387516 0.0253543 -0.0443101
-62.4 5.11164e-12 0.00039567 0.0254966 -0.0444171
-62.2 5.10873e-12 0.000403996 0.0256389 -0.0445221
-62 5.10582e-12 0.000412496 0.0257812 -0.0446251
-61.8 5.10291e-12 0.000421174 0.0259236 -0.0447261
-61.6 5.1e-12 0.000430034 0.0260661 -0.0448252
-61.4 5.09711e-12 0.000439079 0.0262086 -0.0449222
-61.2 5.09423e-12 0.000448314 0.0263511 -0.0450173
-61 5.09137e-12 0.000457742 0.0264936 -0.0451103
-60.8 5.08852e-12 0.000467367 0.0266363 -0.0452013
-60.6 5.0857e-12 0.000477194 0.0267789 -0.0452902
-60.4 5.0829e-12 0.000487227 0.0269216 -0.0453771
-60.2 5.08013e-12 0.000497469 0.0270643 -0.045462
-60 5.0774e-12 0.000507926 0.027207 -0.0455448
-59.8 5.07469e-12 0.000518602 0.0273498 -0.0456255
-59.6 5.07203e-12 0.000529501 0.0274926 -0.0457042
-59.4 5.0694e-12 0.000540629 0.0276354 -0.0457808
-59.2 5.06682e-12 0.000551989 0.0277783 -0.0458553
-59 5.06428e-12 0.000563587 0.0279212 -0.0459277
-58.8 5.06179e-12 0.000575427 0.0280641 -0.0459981
-58.6 5.05935e-12 0.000587515 0.028207 -0.0460663
-58.4 5.05695e-12 0.000599856 0.0283499 -0.0461324
-58.2 5.05462e-12 0.000612455 0.0284928 -0.0461964
-58 5.05233e-12 0.000625317 0.0286358 -0.0462583
-57.8 5.0501e-12 0.000638449 0.0287788 -0.046318
-57.6 5.04793e-12 0.000651855 0.0289217 -0.0463756
-57.4 5.04582e-12 0.000665541 0.0290647 -0.046431
-57.2 5.04377e-12 0.000679513 0.0292077 -0.0464843
-57 5.04178e-12 0.000693777 0.0293507 -0.0465355
-56.8 5.03985e-12 0.00070834 0.0294936 -0.0465845
-56.6 5.03799e-12 0.000723206 0.0296366 -0.0466313
-56.4 5.03618e-12 0.000738384 0.0297796 -0.0466759
-56.2 5.03445e-12 0.000753878 0.0299225 -0.0467184
-56 5.03277e-12 0.000769696 0.0300654 -0.0467586
-55.8 5.03116e-12 0.000785844 0.0302084 -0.0467967
-55.6 5.02961e-12 0.00080233 0.0303513 -0.0468326
-55.4 5.02813e-12 0.000819159 0.0304941 -0.0468663
-55.2 5.02671e-12 0.000836341 0.030637 -0.0468977
-55 5.02535e-12 0.00085388 0.0307798 -0.0469269
-54.8 5.02406e-12 0.000871786 0.0309226 -0.046954
-54.6 5.02282e-12 0.000890066 0.0310654 -0.0469787
-54.4 5.02165e-12 0.000908727 0.0312081 -0.0470013
-54.2 5.02054e-12 0.000927777 0.0313508 -0.0470216
-54 5.01948e-12 0.000947225 0.0314934 -0.0470396
-53.8 5.01848e-12 0.000967079 0.031636 -0.0470554
-53.6 5.01754e-12 0.000987346 0.0317785 -0.047069
-53.4 5.01666e-12 0.00100804 0.031921 -0.0470803
-53.2 5.01582e-12 0.00102916 0.0320635 -0.0470893
-53 5.01504e-12 0.00105072 0.0322058 -0.047096
-52.8 5.01431e-12 0.00107273 0.0323481 -0.0471005
-52.6 5.01363e-12 0.0010952 0.0324904 -0.0471026
-52.4 5.013e-12 0.00111814 0.0326325 -0.0471025
-52.2 5.01242e-12 0.00114156 0.0327746 -0.0471001
-52 5.01188e-12 0.00116546 0.0329166 -0.0470954
-51.8 5.01138e-12 0.00118986 0.0330585 -0.0470883
-51.6 5.01093e-12 0.00121477 0.0332003 -0.047079
-51.4 5.01052e-12 0.0012402 0.0333421 -0.0470674
-51.2 5.01015e-12 0.00126616 0.0334837 -0.0470534
-51 5.00982e-12 0.00129266 0.0336252 -0.0470371
-50.8 5.00954e-12 0.00131971 0.0337667 -0.0470185
-50.6 5.00929e-12 0.00134732 0.033908 -0.0469975
-50.4 5.00909e-12 0.00137551 0.0340492 -0.0469742
-50.2 5.00894e-12 0.00140428 0.0341903 -0.0469485
-50 5.00882e-12 0.00143365 0.0343312 -0.0469205
-49.8 5.00876e-12 0.00146363 0.0344721 -0.0468902
-49.6 5.00875e-12 0.00149424 0.0346128 -0.0468575
-49.4 5.00879e-12 0.00152548 0.0347533 -0.0468224
-49.2 5.0089e-12 0.00155737 0.0348937 -0.0467849
-49 5.00907e-12 0.00158992 0.035034 -0.0467451
-48.8 5.00932e-12 0.00162315 0.0351741 -0.0467029
-48.6 5.00965e-12 0.00165707 0.035314 -0.0466584
-48.4 5.01008e-12 0.0016917 0.0354538 -0.0466114
-48.2 5.01062e-12 0.00172704 0.0355934 -0.046562
-48 5.01128e-12 0.00176312 0.0357328 -0.0465103
-47.8 5.01209e-12 0.00179994 0.035872 -0.0464562
-47.6 5.01307e-12 0.00183753 0.0360111 -0.0463996
-47.4 5.01424e-12 0.0018759 0.0361499 -0.0463407
-47.2 5.01562e-12 0.00191507 0.0362886 -0.0462793
-47 5.01726e-12 0.00195504 0.036427 -0.0462156
-46.8 5.0192e-12 0.00199585 0.0365653 -0.0461494
-46.6 5.02147e-12 0.0020375 0.0367033 -0.0460808
-46.4 5.02414e-12 0.00208001 0.0368411 -0.0460098
-46.2 5.02725e-12 0.00212341 0.0369786 -0.0459363
-46 5.03088e-12 0.0021677 0.0371159 -0.0458604
-45.8 5.03511e-12 0.00221291 0.037253 -0.0457821
-45.6 5.04002e-12 0.00225906 0.0373898 -0.0457014
-45.4 5.04573e-12 0.00230616 0.0375263 -0.0456182
-45.2 5.05234e-12 0.00235424 0.0376626 -0.0455325
-45 5.06e-12 0.00240331 0.0377986 -0.0454445
-44.8 5.06886e-12 0.00245339 0.0379343 -0.0453539
-44.6 5.07909e-12 0.00250451 0.0380697 -0.0452609
-44.4 5.0909e-12 0.00255669 0.0382048 -0.0451655
-44.2 5.10452e-12 0.00260994 0.0383396 -0.0450676
-44 5.12021e-12 0.0026643 0.0384741 -0.0449672
-43.8 5.13828e-12 0.00271978 0.0386083 -0.0448644
-43.6 5.15906e-12 0.0027764 0.0387421 -0.0447591
-43.4 5.18296e-12 0.00283419 0.0388756 -0.0446513
-43.2 5.21043e-12 0.00289318 0.0390087 -0.044541
-43 5.24196e-12 0.00295338 0.0391415 -0.0444283
-42.8 5.27816e-12 0.00301482 0.0392739 -0.0443131
-42.6 5.31969e-12 0.00307753 0.0394059 -0.0441954
-42.4 5.36732e-12 0.00314153 0.0395376 -0.0440753
-42.2 5.4219e-12 0.00320685 0.0396688 -0.0439526
-42 5.48445e-12 0.00327352 0.0397997 -0.0438275
-41.8 5.55609e-12 0.00334156 0.0399301 -0.0436998
-41.6 5.63812e-12 0.00341099 0.0400601 -0.0435697
-41.4 5.73201e-12 0.00348186 0.0401897 -0.0434371
-41.2 5.83946e-12 0.00355419 0.0403188 -0.0433019
-41 5.9624e-12 0.003628 0.0404475 -0.0431643
-40.8 6.10301e-12 0.00370333 0.0405757 -0.0430242
-40.6 6.2638e-12 0.00378021 0.0407034 -0.0428816
-40.4 6.44765e-12 0.00385866 0.0408306 -0.0427364
-40.2 6.65781e-12 0.00393873 0.0409573 -0.0425888
-40 6.89802e-12 0.00402044 0.0410835 -0.0424386
-39.8 7.17253e-12 0.00410383 0.0412092 -0.042286
-39.6 7.48619e-12 0.00418892 0.0413344 -0.0421308
-39.4 7.84455e-12 0.00427577 0.041459 -0.0419731
-39.2 8.25394e-12 0.00436439 0.041583 -0.0418129
-39 8.72157e-12 0.00445482 0.0417065 -0.0416502
-38.8 9.25568e-12 0.00454711 0.0418293 -0.0414849
-38.6 9.86568e-12 0.00464129 0.0419516 -0.0413172
-38.4 1.05623e-11 0.0047374 0.0420733 -0.0411469
-38.2 1.13578e-11 0.00483547 0.0421943 -0.0409741
-38 1.22661e-11 0.00493554 0.0423147 -0.0407988
-37.8 1.33032e-11 0.00503766 0.0424345 -0.0406209
-37.6 1.44873e-11 0.00514186 0.0425535 -0.0404405
-37.4 1.58392e-11 0.0052482 0.0426719 -0.0402576
-37.2 1.73825e-11 0.0053567 0.0427896 -0.0400722
-37 1.91444e-11 0.00546741 0.0429066 -0.0398842
-36.8 2.11558e-11 0.00558038 0.0430228 -0.0396938
-36.6 2.34518e-11 0.00569566 0.0431383 -0.0395008
-36.4 2.60728e-11 0.00581328 0.0432531 -0.0393052
-36.2 2.90646e-11 0.00593329 0.043367 -0.0391071
-36 3.24797e-11 0.00605575 0.0434802 -0.0389065
-35.8 3.63777e-11 0.00618069 0.0435926 -0.0387034
-35.6 4.08271e-11 0.00630818 0.0437041 -0.0384978
-35.4 4.59057e-11 0.00643825 0.0438148 -0.0382896
-35.2 5.17025e-11 0.00657096 0.0439246 -0.0380789
-35 5.83187e-11 0.00670637 0.0440336 -0.0378656
-34.8 6.58704e-11 0.00684452 0.0441416 -0.0376498
-34.6 7.44896e-11 0.00698547 0.0442488 -0.0374315
-34.4 8.43272e-11 0.00712927 0.044355 -0.0372107
-34.2 9.55553e-11 0.00727599 0.0444602 -0.0369873
-34 1.0837e-10 0.00742567 0.0445644 -0.0367614
-33.8 1.22997e-10 0.00757838 0.0446677 -0.036533
-33.6 1.3969e-10 0.00773417 0.04477 -0.0363021
-33.4 1.58742e-10 0.0078931 0.0448712 -0.0360686
-33.2 1.80487e-10 0.00805524 0.0449713 -0.0358326
-33 2.05305e-10 0.00822065 0.0450704 -0.0355941
-32.8 2.33629e-10 0.00838939 0.0451684 -0.035353
-32.6 2.65956e-10 0.00856153 0.0452652 -0.0351095
-32.4 3.02851e-10 0.00873713 0.0453609 -0.0348634
-32.2 3.44959e-10 0.00891626 0.0454554 -0.0346148
-32 3.93016e-10 0.00909899 0.0455487 -0.0343636
-31.8 4.47863e-10 0.00928538 0.0456408 -0.03411
-31.6 5.10459e-10 0.00947551 0.0457317 -0.0338538
-31.4 5.81898e-10 0.00966944 0.0458212 -0.0335952
-31.2 6.63431e-10 0.00986726 0.0459095 -0.033334
-31 7.56482e-10 0.010069 0.0459965 -0.0330703
-30.8 8.62679e-10 0.0102748 0.0460821 -0.0328041
-30.6 9.83878e-10 0.0104848 0.0461663 -0.0325354
-30.4 1.1222e-09 0.0106989 0.0462491 -0.0322643
-30.2 1.28006e-09 0.0109172 0.0463305 -0.0319906
-30 1.46022e-09 0.0111399 0.0464104 -0.0317144
-29.8 1.66583e-09 0.0113671 0.0464889 -0.0314357
-29.6 1.90048e-09 0.0115987 0.0465658 -0.0311545
-29.4 2.16828e-09 0.011835 0.0466411 -0.0308709
-29.2 2.4739e-09 0.0120759 0.0467149 -0.0305848
-29 2.82269e-09 0.0123216 0.046787 -0.0302962
-28.8 3.22075e-09 0.0125722 0.0468575 -0.0300051
-28.6 3.67503e-09 0.0128277 0.0469263 -0.0297115
-28.4 4.19347e-09 0.0130883 0.0469934 -0.0294155
-28.2 4.78513e-09 0.013354 0.0470588 -0.029117
-28 5.46035e-09 0.0136249 0.0471223 -0.0288161
-27.8 6.23093e-09 0.0139012 0.047184 -0.0285127
-27.6 7.11033e-09 0.0141829 0.0472439 -0.0282068
-27.4 8.11393e-09 0.0144701 0.0473018 -0.0278985
-27.2 9.25925e-09 0.0147629 0.0473579 -0.0275878
-27 1.05663e-08 0.0150615 0.0474119 -0.0272746
-26.8 1.20579e-08 0.0153659 0.0474639 -0.026959
-26.6 1.37602e-08 0.0156762 0.0475139 -0.026641
-26.4 1.57028e-08 0.0159926 0.0475617 -0.0263206
-26.2 1.79197e-08 0.0163151 0.0476074 -0.0259978
-26 2.04496e-08 0.0166439 0.047651 -0.0256726
-25.8 2.33367e-08 0.016979 0.0476923 -0.0253449
-25.6 2.66315e-08 0.0173207 0.0477313 -0.0250149
-25.4 3.03913e-08 0.0176689 0.047768 -0.0246825
-25.2 3.4682e-08 0.0180239 0.0478023 -0.0243478
-25 3.95785e-08 0.0183857 0.0478342 -0.0240106
-24.8 4.51661e-08 0.0187544 0.0478636 -0.0236712
-24.6 5.15425e-08 0.0191302 0.0478905 -0.0233293
-24.4 5.8819e-08 0.0195132 0.0479148 -0.0229852
-24.2 6.71226e-08 0.0199035 0.0479365 -0.0226387
-24 7.65982e-08 0.0203013 0.0479555 -0.0222899
-23.8 8.74113e-08 0.0207066 0.0479717 -0.0219387
-23.6 9.97504e-08 0.0211197 0.0479852 -0.0215853
-23.4 1.13831e-07 0.0215405 0.0479958 -0.0212296
-23.2 1.29899e-07 0.0219693 0.0480035 -0.0208717
-23 1.48234e-07 0.0224062 0.0480082 -0.0205114
-22.8 1.69156e-07 0.0228512 0.0480099 -0.0201489
-22.6 1.93031e-07 0.0233047 0.0480085 -0.0197842
-22.4 2.20275e-07 0.0237666 0.0480039 -0.0194173
-22.2 2.51362e-07 0.0242371 0.0479961 -0.0190481
-22 2.86836e-07 0.0247163 0.047985 -0.0186768
-21.8 3.27314e-07 0.0252045 0.0479705 -0.0183033
-21.6 3.73503e-07 0.0257017 0.0479526 -0.0179276
-21.4 4.26207e-07 0.026208 0.0479312 -0.0175497
-21.2 4.86346e-07 0.0267236 0.0479061 -0.0171698
-21 5.54967e-07 0.0272487 0.0478774 -0.0167877
-20.8 6.33267e-07 0.0277834 0.047845 -0.0164035
-20.6 7.2261e-07 0.0283277 0.0478087 -0.0160173
-20.4 8.24553e-07 0.0288819 0.0477685 -0.015629
-20.2 9.40871e-07 0.0294462 0.0477243 -0.0152387
-20 1.07359e-06 0.0300205 0.047676 -0.0148463
-19.8 1.22502e-06 0.0306051 0.0476236 -0.014452
-19.6 1.39781e-06 0.0312002 0.0475669 -0.0140557
-19.4 1.59495e-06 0.0318058 0.0475058 -0.0136575
-19.2 1.81989e-06 0.032422 0.0474402 -0.0132573
-19 2.07653e-06 0.0330491 0.0473702 -0.0128553
-18.8 2.36934e-06 0.0336872 0.0472954 -0.0124514
-18.6 2.70342e-06 0.0343363 0.0472159 -0.0120457
-18.4 3.08459e-06 0.0349967 0.0471316 -0.0116382
-18.2 3.51946e-06 0.0356684 0.0470422 -0.0112289
-18 4.01561e-06 0.0363515 0.0469478 -0.0108178
-17.8 4.58166e-06 0.0370463 0.0468481 -0.0104051
-17.6 5.22745e-06 0.0377528 0.0467432 -0.0099907
-17.4 5.96421e-06 0.0384711 0.0466328 -0.00957468
-17.2 6.80474e-06 0.0392013 0.0465168 -0.00915707
-17 7.76364e-06 0.0399436 0.0463951 -0.00873791
-16.8 8.85758e-06 0.040698 0.0462676 -0.00831725
-16.6 1.01055e-05 0.0414647 0.0461341 -0.00789513
-16.4 1.15292e-05 0.0422437 0.0459945 -0.00747159
-16.2 1.31532e-05 0.0430351 0.0458487 -0.0070467
-16 1.50059e-05 0.0438389 0.0456964 -0.00662049
-15.8 1.71193e-05 0.0446554 0.0455376 -0.00619303
-15.6 1.953e-05 0.0454844 0.0453721 -0.00576436
-15.4 2.22799e-05 0.0463261 0.0451997 -0.00533456
-15.2 2.54167e-05 0.0471805 0.0450203 -0.00490368
-15 2.89946e-05 0.0480477 0.0448337 -0.00447178
-14.8 3.30757e-05 0.0489275 0.0446396 -0.00403894
-14.6 3.77307e-05 0.0498201 0.044438 -0.00360523
-14.4 4.304e-05 0.0507254 0.0442287 -0.00317072
-14.2 4.90956e-05 0.0516434 0.0440114 -0.0027355
-14 5.60021e-05 0.052574 0.0437859 -0.00229964
-13.8 6.3879e-05 0.0535172 0.0435521 -0.00186324
-13.6 7.28624e-05 0.0544728 0.0433097 -0.00142638
-13.4 8.31075e-05 0.0554408 0.0430586 -0.000989165
-13.2 9.47911e-05 0.056421 0.0427984 -0.000551699
-13 0.000108115 0.0574133 0.042529 -0.000114088
-12.8 0.000123308 0.0584174 0.0422501 0.000323553
-12.6 0.000140634 0.0594332 0.0419614 0.000761105
-12.4 0.000160389 0.0604604 0.0416628 0.00119844
-12.2 0.000182915 0.0614987 0.0413539 0.00163543
-12 0.000208598 0.0625477 0.0410344 0.00207192
-11.8 0.000237881 0.0636071 0.0407042 0.00250777
-11.6 0.000271266 0.0646765 0.0403628 0.00294282
-11.4 0.000309326 0.0657554 0.04001 0.0033769
-11.2 0.000352715 0.0668433 0.0396455 0.00380983
-11 0.000402175 0.0679396 0.0392689 0.00424143
-10.8 0.000458554 0.0690436 0.03888 0.00467149
-10.6 0.000522816 0.0701546 0.0384783 0.0050998
-10.4 0.000596058 0.071272 0.0380634 0.00552614
-10.2 0.000679531 0.0723946 0.0376351 0.00595027
-10 0.000774658 0.0735218 0.037193 0.00637192
-9.8 0.000883058 0.0746523 0.0367365 0.00679084
-9.6 0.00100658 0.075785 0.0362653 0.00720672
-9.4 0.00114731 0.0769187 0.0357791 0.00761927
-9.2 0.00130764 0.0780519 0.0352772 0.00802814
-9 0.00149028 0.0791832 0.0347593 0.00843299
-8.8 0.00169832 0.0803108 0.0342249 0.00883343
-8.6 0.00193527 0.081433 0.0336734 0.00922907
-8.4 0.00220511 0.0825478 0.0331044 0.00961947
-8.2 0.00251237 0.0836529 0.0325173 0.0100042
-8 0.00286221 0.0847459 0.0319115 0.0103827
-7.8 0.00326046 0.0858242 0.0312864 0.0107544
-7.6 0.00371376 0.0868849 0.0306415 0.0111188
-7.4 0.00422963 0.0879249 0.0299762 0.0114753
-7.2 0.00481662 0.0889407 0.0292896 0.0118231
-7 0.0054844 0.0899284 0.0285813 0.0121616
-6.8 0.00624394 0.090884 0.0278505 0.01249
-6.6 0.00710764 0.0918028 0.0270964 0.0128073
-6.4 0.00808957 0.0926797 0.0263183 0.0131127
-6.2 0.00920561 0.0935092 0.0255154 0.0134052
-6 0.0104737 0.0942853 0.024687 0.0136836
-5.8 0.011914 0.0950011 0.0238322 0.0139467
-5.6 0.0135495 0.0956491 0.0229502 0.0141933
-5.4 0.0154058 0.0962212 0.0220401 0.0144218
-5.2 0.0175116 0.0967083 0.021101 0.0146308
-5 0.0198995 0.0971001 0.0201321 0.0148183
-4.8 0.0226057 0.0973854 0.0191324 0.0149825
-4.6 0.0256705 0.0975518 0.0181012 0.0151213
-4.4 0.0291389 0.0975851 0.0170375 0.0152323
-4.2 0.033061 0.0974699 0.0159405 0.0153129
-4 0.0374917 0.0971886 0.0148095 0.01536
-3.8 0.0424914 0.0967216 0.0136439 0.0153705
-3.6 0.0481259 0.0960467 0.012443 0.0153407
-3.4 0.0544662 0.0951391 0.0112067 0.0152663
-3.2 0.0615879 0.0939706 0.00993483 0.0151429
-3 0.0695701 0.0925091 0.00862771 0.014965
-2.8 0.0784936 0.0907186 0.00728619 0.0147267
-2.6 0.0884379 0.0885576 0.00591179 0.0144213
-2.4 0.0994768 0.0859792 0.00450699 0.0140411
-2.2 0.111671 0.0829302 0.00307557 0.0135773
-2 0.125058 0.0793497 0.00162313 0.0130201
-1.8 0.139637 0.0751696 0.000157716 0.0123582
-1.6 0.155346 0.0703135 -0.00130918 0.0115794
-1.4 0.172033 0.0646984 -0.00276138 0.01067
-1.2 0.189411 0.0582377 -0.0041763 0.00961608
-1 0.207005 0.0508479 -0.00552281 0.00840419
-0.8 0.224087 0.0424637 -0.00675892 0.00702394
-0.6 0.239632 0.0330626 -0.00783027 0.00547212
-0.4 0.252331 0.0227036 -0.00867141 0.00375918
-0.2 0.260751 0.0115718 -0.00921365 0.00191648
0 0.263714 -6.48791e-10 -0.00940162 3.95003e-09
0.2 0.260751 -0.0115718 -0.00921365 -0.00191647
0.4 0.252331 -0.0227036 -0.00867141 -0.00375917
0.6 0.239632 -0.0330626 -0.00783027 -0.00547212
0.8 0.224087 -0.0424637 -0.00675892 -0.00702393
1 0.207005 -0.0508479 -0.0055228 -0.00840419
1.2 0.189411 -0.0582377 -0.0041763 -0.00961607
1.4 0.172033 -0.0646984 -0.00276138 -0.01067
1.6 0.155346 -0.0703135 -0.00130918 -0.0115794
1.8 0.139637 -0.0751696 0.000157719 -0.0123582
2 0.125058 -0.0793497 0.00162313 -0.0130201
2.2 0.111671 -0.0829302 0.00307557 -0.0135773
2.4 0.0994768 -0.0859792 0.00450699 -0.0140411
2.6 0.0884379 -0.0885576 0.00591179 -0.0144213
2.8 0.0784936 -0.0907186 0.00728619 -0.0147267
3 0.0695701 -0.0925091 0.00862772 -0.014965
3.2 0.0615879 -0.0939706 0.00993483 -0.0151429
3.4 0.0544662 -0.0951391 0.0112067 -0.0152663
3.6 0.0481259 -0.0960467 0.012443 -0.0153407
3.8 0.0424914 -0.0967216 0.0136439 -0.0153705
4 0.0374917 -0.0971886 0.0148095 -0.01536
4.2 0.033061 -0.0974699 0.0159405 -0.0153129
4.4 0.0291389 -0.0975851 0.0170375 -0.0152323
4.6 0.0256705 -0.0975518 0.0181012 -0.0151214
4.8 0.0226057 -0.0973854 0.0191324 -0.0149826
5 0.0198995 -0.0971001 0.0201321 -0.0148183
5.2 0.0175116 -0.0967083 0.021101 -0.0146308
5.4 0.0154058 -0.0962212 0.0220401 -0.0144219
5.6 0.0135495 -0.0956491 0.0229502 -0.0141933
5.8 0.011914 -0.0950011 0.0238322 -0.0139468
6 0.0104737 -0.0942853 0.024687 -0.0136836
6.2 0.00920561 -0.0935092 0.0255155 -0.0134052
6.4 0.00808957 -0.0926797 0.0263183 -0.0131128
6.6 0.00710764 -0.0918028 0.0270964 -0.0128073
6.8 0.00624394 -0.090884 0.0278505 -0.01249
7 0.0054844 -0.0899284 0.0285813 -0.0121617
7.2 0.00481662 -0.0889407 0.0292896 -0.0118232
7.4 0.00422963 -0.0879249 0.0299762 -0.0114753
7.6 0.00371376 -0.0868849 0.0306415 -0.0111188
7.8 0.00326046 -0.0858242 0.0312864 -0.0107544
8 0.00286221 -0.0847459 0.0319115 -0.0103827
8.2 0.00251237 -0.0836528 0.0325173 -0.0100042
8.4 0.00220511 -0.0825478 0.0331044 -0.0096195
8.6 0.00193527 -0.081433 0.0336734 -0.0092291
8.8 0.00169832 -0.0803108 0.0342249 -0.00883346
9 0.00149028 -0.0791832 0.0347593 -0.00843302
9.2 0.00130764 -0.0780519 0.0352772 -0.00802817
9.4 0.00114731 -0.0769187 0.0357791 -0.0076193
9.6 0.00100658 -0.075785 0.0362654 -0.00720675
9.8 0.000883058 -0.0746523 0.0367365 -0.00679087
10 0.000774658 -0.0735218 0.037193 -0.00637195
10.2 0.000679531 -0.0723946 0.0376351 -0.0059503
10.4 0.000596058 -0.0712719 0.0380634 -0.00552617
10.6 0.000522816 -0.0701546 0.0384783 -0.00509983
10.8 0.000458554 -0.0690436 0.03888 -0.00467152
11 0.000402175 -0.0679396 0.039269 -0.00424146
11.2 0.000352715 -0.0668433 0.0396455 -0.00380986
11.4 0.000309326 -0.0657554 0.04001 -0.00337693
11.6 0.000271266 -0.0646765 0.0403628 -0.00294285
11.8 0.000237881 -0.0636071 0.0407042 -0.0025078
12 0.000208598 -0.0625477 0.0410345 -0.00207195
12.2 0.000182915 -0.0614987 0.0413539 -0.00163546
12.4 0.000160389 -0.0604604 0.0416628 -0.00119847
12.6 0.000140634 -0.0594332 0.0419614 -0.00076114
12.8 0.000123308 -0.0584174 0.0422501 -0.000323588
13 0.000108115 -0.0574133 0.042529 0.000114053
13.2 9.47911e-05 -0.056421 0.0427984 0.000551664
13.4 8.31075e-05 -0.0554408 0.0430586 0.000989129
13.6 7.28624e-05 -0.0544728 0.0433098 0.00142634
13.8 6.3879e-05 -0.0535172 0.0435521 0.0018632
14 5.60021e-05 -0.052574 0.0437859 0.0022996
14.2 4.90956e-05 -0.0516434 0.0440114 0.00273546
14.4 4.304e-05 -0.0507254 0.0442287 0.00317069
14.6 3.77307e-05 -0.0498201 0.044438 0.0036052
14.8 3.30757e-05 -0.0489275 0.0446396 0.00403891
15 2.89946e-05 -0.0480477 0.0448337 0.00447175
15.2 2.54167e-05 -0.0471805 0.0450203 0.00490364
15.4 2.22799e-05 -0.0463261 0.0451997 0.00533452
15.6 1.953e-05 -0.0454844 0.0453721 0.00576433
15.8 1.71193e-05 -0.0446554 0.0455376 0.00619299
16 1.50059e-05 -0.0438389 0.0456964 0.00662045
16.2 1.31532e-05 -0.0430351 0.0458487 0.00704666
16.4 1.15292e-05 -0.0422436 0.0459945 0.00747156
16.6 1.01055e-05 -0.0414647 0.0461341 0.00789509
16.8 8.85758e-06 -0.040698 0.0462676 0.00831721
17 7.76364e-06 -0.0399436 0.0463951 0.00873787
17.2 6.80474e-06 -0.0392013 0.0465168 0.00915703
17.4 5.96421e-06 -0.0384711 0.0466328 0.00957464
17.6 5.22745e-06 -0.0377528 0.0467432 0.00999067
17.8 4.58166e-06 -0.0370463 0.0468481 0.0104051
18 4.01561e-06 -0.0363515 0.0469478 0.0108178
18.2 3.51946e-06 -0.0356684 0.0470422 0.0112288
18.4 3.08459e-06 -0.0349967 0.0471316 0.0116381
18.6 2.70342e-06 -0.0343363 0.0472159 0.0120456
18.8 2.36934e-06 -0.0336872 0.0472954 0.0124514
19 2.07653e-06 -0.0330491 0.0473702 0.0128553
19.2 1.81989e-06 -0.032422 0.0474403 0.0132573
19.4 1.59495e-06 -0.0318058 0.0475058 0.0136574
19.6 1.39781e-06 -0.0312002 0.0475669 0.0140557
19.8 1.22503e-06 -0.0306051 0.0476236 0.014452
20 1.07359e-06 -0.0300205 0.047676 0.0148463
20.2 9.40872e-07 -0.0294462 0.0477243 0.0152386
20.4 8.24553e-07 -0.0288819 0.0477685 0.015629
20.6 7.22611e-07 -0.0283277 0.0478087 0.0160173
20.8 6.33268e-07 -0.0277834 0.047845 0.0164035
21 5.54968e-07 -0.0272487 0.0478774 0.0167877
21.2 4.86346e-07 -0.0267236 0.0479061 0.0171697
21.4 4.26208e-07 -0.026208 0.0479312 0.0175497
21.6 3.73503e-07 -0.0257017 0.0479526 0.0179275
21.8 3.27315e-07 -0.0252045 0.0479705 0.0183032
22 2.86837e-07 -0.0247163 0.047985 0.0186767
22.2 2.51363e-07 -0.0242371 0.0479961 0.0190481
22.4 2.20275e-07 -0.0237666 0.048004 0.0194172
22.6 1.93032e-07 -0.0233047 0.0480085 0.0197842
22.8 1.69157e-07 -0.0228512 0.0480099 0.0201489
23 1.48234e-07 -0.0224061 0.0480083 0.0205114
23.2 1.29899e-07 -0.0219693 0.0480035 0.0208716
23.4 1.13832e-07 -0.0215405 0.0479958 0.0212296
23.6 9.97509e-08 -0.0211197 0.0479852 0.0215853
23.8 8.74118e-08 -0.0207066 0.0479717 0.0219387
24 7.65988e-08 -0.0203013 0.0479555 0.0222898
24.2 6.71231e-08 -0.0199035 0.0479365 0.0226386
24.4 5.88196e-08 -0.0195132 0.0479148 0.0229851
24.6 5.15431e-08 -0.0191302 0.0478905 0.0233293
24.8 4.51667e-08 -0.0187544 0.0478636 0.0236711
25 3.9579e-08 -0.0183857 0.0478342 0.0240106
25.2 3.46826e-08 -0.0180239 0.0478023 0.0243477
25.4 3.03919e-08 -0.0176689 0.047768 0.0246825
25.6 2.6632e-08 -0.0173207 0.0477313 0.0250149
25.8 2.33373e-08 -0.016979 0.0476923 0.0253449
26 2.04502e-08 -0.0166439 0.047651 0.0256725
26.2 1.79203e-08 -0.0163151 0.0476075 0.0259978
26.4 1.57034e-08 -0.0159926 0.0475618 0.0263206
26.6 1.37608e-08 -0.0156762 0.0475139 0.026641
26.8 1.20585e-08 -0.0153659 0.0474639 0.026959
27 1.05669e-08 -0.0150615 0.0474119 0.0272746
27.2 9.25983e-09 -0.0147629 0.0473579 0.0275878
27.4 8.11451e-09 -0.0144701 0.0473019 0.0278985
27.6 7.11092e-09 -0.0141829 0.0472439 0.0282068
27.8 6.23151e-09 -0.0139012 0.047184 0.0285126
28 5.46093e-09 -0.0136249 0.0471223 0.028816
28.2 4.78571e-09 -0.013354 0.0470588 0.029117
28.4 4.19405e-09 -0.0130883 0.0469934 0.0294155
28.6 3.67561e-09 -0.0128277 0.0469264 0.0297115
28.8 3.22133e-09 -0.0125722 0.0468575 0.030005
29 2.82328e-09 -0.0123216 0.0467871 0.0302961
29.2 2.47448e-09 -0.0120759 0.0467149 0.0305847
29.4 2.16886e-09 -0.011835 0.0466411 0.0308709
29.6 1.90106e-09 -0.0115987 0.0465658 0.0311545
29.8 1.66641e-09 -0.0113671 0.0464889 0.0314357
30 1.4608e-09 -0.0111399 0.0464105 0.0317144
30.2 1.28064e-09 -0.0109172 0.0463305 0.0319905
30.4 1.12277e-09 -0.0106989 0.0462492 0.0322642
30.6 9.84451e-10 -0.0104848 0.0461663 0.0325354
30.8 8.63249e-10 -0.0102748 0.0460821 0.0328041
31 7.57051e-10 -0.010069 0.0459965 0.0330703
31.2 6.63997e-10 -0.00986726 0.0459095 0.033334
31.4 5.82462e-10 -0.00966944 0.0458213 0.0335952
31.6 5.1102e-10 -0.0094755 0.0457317 0.0338538
31.8 4.48422e-10 -0.00928537 0.0456408 0.03411
32 3.93572e-10 -0.00909898 0.0455487 0.0343636
32.2 3.45512e-10 -0.00891625 0.0454554 0.0346147
32.4 3.03402e-10 -0.00873713 0.0453609 0.0348633
32.6 2.66505e-10 -0.00856153 0.0452652 0.0351094
32.8 2.34175e-10 -0.00838939 0.0451684 0.035353
33 2.05848e-10 -0.00822065 0.0450704 0.035594
33.2 1.81027e-10 -0.00805524 0.0449713 0.0358326
33.4 1.59279e-10 -0.0078931 0.0448712 0.0360686
33.6 1.40224e-10 -0.00773416 0.04477 0.036302
33.8 1.23527e-10 -0.00757837 0.0446677 0.036533
34 1.08898e-10 -0.00742566 0.0445645 0.0367614
34.2 9.60799e-11 -0.00727598 0.0444602 0.0369873
34.4 8.48488e-11 -0.00712927 0.044355 0.0372107
34.6 7.50081e-11 -0.00698546 0.0442488 0.0374315
34.8 6.63858e-11 -0.00684451 0.0441416 0.0376498
35 5.8831e-11 -0.00670636 0.0440336 0.0378656
35.2 5.22116e-11 -0.00657096 0.0439247 0.0380788
35.4 4.64118e-11 -0.00643824 0.0438148 0.0382895
35.6 4.13301e-11 -0.00630817 0.0437041 0.0384977
35.8 3.68776e-11 -0.00618069 0.0435926 0.0387034
36 3.29764e-11 -0.00605574 0.0434802 0.0389065
36.2 2.95583e-11 -0.00593329 0.0433671 0.0391071
36.4 2.65635e-11 -0.00581327 0.0432531 0.0393052
36.6 2.39395e-11 -0.00569565 0.0431384 0.0395007
36.8 2.16404e-11 -0.00558038 0.0430229 0.0396937
37 1.96261e-11 -0.00546741 0.0429066 0.0398842
37.2 1.78613e-11 -0.00535669 0.0427896 0.0400722
37.4 1.6315e-11 -0.00524819 0.0426719 0.0402576
37.6 1.49602e-11 -0.00514186 0.0425535 0.0404405
37.8 1.37733e-11 -0.00503765 0.0424345 0.0406209
38 1.27334e-11 -0.00493553 0.0423147 0.0407987
38.2 1.18223e-11 -0.00483546 0.0421943 0.0409741
38.4 1.1024e-11 -0.00473739 0.0420733 0.0411469
38.6 1.03247e-11 -0.00464129 0.0419516 0.0413171
38.8 9.71201e-12 -0.00454711 0.0418294 0.0414849
39 9.17524e-12 -0.00445482 0.0417065 0.0416501
39.2 8.70498e-12 -0.00436438 0.041583 0.0418129
39.4 8.293e-12 -0.00427576 0.041459 0.0419731
39.6 7.93206e-12 -0.00418892 0.0413344 0.0421308
39.8 7.61585e-12 -0.00410382 0.0412092 0.0422859
40 7.33881e-12 -0.00402043 0.0410836 0.0424386
40.2 7.0961e-12 -0.00393872 0.0409573 0.0425888
40.4 6.88346e-12 -0.00385866 0.0408306 0.0427364
40.6 6.69714e-12 -0.0037802 0.0407034 0.0428815
40.8 6.53389e-12 -0.00370332 0.0405757 0.0430242
41 6.39084e-12 -0.00362799 0.0404475 0.0431643
41.2 6.26547e-12 -0.00355418 0.0403188 0.0433019
41.4 6.15559e-12 -0.00348186 0.0401897 0.043437
41.6 6.05926e-12 -0.00341099 0.0400601 0.0435697
41.8 5.9748e-12 -0.00334155 0.0399301 0.0436998
42 5.90072e-12 -0.00327351 0.0397997 0.0438274
42.2 5.83572e-12 -0.00320685 0.0396689 0.0439526
42.4 5.77866e-12 -0.00314153 0.0395376 0.0440752
42.6 5.72855e-12 -0.00307752 0.039406 0.0441954
42.8 5.68451e-12 -0.00301482 0.0392739 0.0443131
43 5.64577e-12 -0.00295337 0.0391415 0.0444283
43.2 5.61165e-12 -0.00289317 0.0390087 0.044541
43.4 5.58157e-12 -0.00283419 0.0388756 0.0446513
43.6 5.55502e-12 -0.0027764 0.0387421 0.044759
43.8 5.53152e-12 -0.00271977 0.0386083 0.0448644
44 5.5107e-12 -0.00266429 0.0384741 0.0449672
44.2 5.49219e-12 -0.00260994 0.0383396 0.0450676
44.4 5.47569e-12 -0.00255668 0.0382048 0.0451655
44.6 5.46093e-12 -0.00250451 0.0380697 0.0452609
44.8 5.44768e-12 -0.00245339 0.0379343 0.0453539
45 5.43573e-12 -0.0024033 0.0377986 0.0454444
45.2 5.4249e-12 -0.00235423 0.0376626 0.0455325
45.4 5.41502e-12 -0.00230615 0.0375263 0.0456182
45.6 5.40597e-12 -0.00225905 0.0373898 0.0457014
45.8 5.3976e-12 -0.00221291 0.037253 0.0457821
46 5.38983e-12 -0.0021677 0.0371159 0.0458604
46.2 5.38255e-12 -0.0021234 0.0369786 0.0459363
46.4 5.37569e-12 -0.00208001 0.0368411 0.0460098
46.6 5.36916e-12 -0.00203749 0.0367033 0.0460808
46.8 5.36291e-12 -0.00199584 0.0365653 0.0461494
47 5.35688e-12 -0.00195504 0.0364271 0.0462156
47.2 5.35103e-12 -0.00191506 0.0362886 0.0462793
47.4 5.34531e-12 -0.0018759 0.03615 0.0463407
47.6 5.33968e-12 -0.00183753 0.0360111 0.0463996
47.8 5.33412e-12 -0.00179994 0.0358721 0.0464562
48 5.32859e-12 -0.00176311 0.0357328 0.0465103
48.2 5.32307e-12 -0.00172704 0.0355934 0.046562
48.4 5.31755e-12 -0.00169169 0.0354538 0.0466114
48.6 5.312e-12 -0.00165707 0.035314 0.0466583
48.8 5.30642e-12 -0.00162315 0.0351741 0.0467029
49 5.30078e-12 -0.00158992 0.035034 0.0467451
49.2 5.29508e-12 -0.00155737 0.0348937 0.0467849
49.4 5.28932e-12 -0.00152547 0.0347533 0.0468224
49.6 5.28347e-12 -0.00149423 0.0346128 0.0468574
49.8 5.27755e-12 -0.00146363 0.0344721 0.0468902
50 5.27154e-12 -0.00143365 0.0343313 0.0469205
50.2 5.26544e-12 -0.00140427 0.0341903 0.0469485
50.4 5.25926e-12 -0.0013755 0.0340492 0.0469742
50.6 5.25299e-12 -0.00134731 0.033908 0.0469975
50.8 5.24663e-12 -0.0013197 0.0337667 0.0470184
51 5.24018e-12 -0.00129265 0.0336253 0.0470371
51.2 5.23365e-12 -0.00126615 0.0334837 0.0470534
51.4 5.22704e-12 -0.0012402 0.0333421 0.0470673
51.6 5.22034e-12 -0.00121477 0.0332004 0.047079
51.8 5.21358e-12 -0.00118986 0.0330585 0.0470883
52 5.20674e-12 -0.00116545 0.0329166 0.0470954
52.2 5.19984e-12 -0.00114155 0.0327746 0.0471001
52.4 5.19288e-12 -0.00111813 0.0326325 0.0471025
52.6 5.18586e-12 -0.0010952 0.0324904 0.0471026
52.8 5.1788e-12 -0.00107273 0.0323482 0.0471004
53 5.17169e-12 -0.00105072 0.0322059 0.047096
53.2 5.16454e-12 -0.00102915 0.0320635 0.0470893
53.4 5.15737e-12 -0.00100803 0.0319211 0.0470803
53.6 5.15017e-12 -0.000987342 0.0317786 0.047069
53.8 5.14295e-12 -0.000967074 0.031636 0.0470554
54 5.13572e-12 -0.000947221 0.0314934 0.0470396
54.2 5.12849e-12 -0.000927773 0.0313508 0.0470216
54.4 5.12126e-12 -0.000908723 0.0312081 0.0470013
54.6 5.11404e-12 -0.000890062 0.0310654 0.0469787
54.8 5.10684e-12 -0.000871782 0.0309226 0.0469539
55 5.09966e-12 -0.000853876 0.0307798 0.0469269
55.2 5.09251e-12 -0.000836336 0.030637 0.0468977
55.4 5.0854e-12 -0.000819155 0.0304942 0.0468663
55.6 5.07834e-12 -0.000802325 0.0303513 0.0468326
55.8 5.07133e-12 -0.00078584 0.0302084 0.0467967
56 5.06437e-12 -0.000769692 0.0300655 0.0467586
56.2 5.05748e-12 -0.000753874 0.0299225 0.0467184
56.4 5.05066e-12 -0.000738379 0.0297796 0.0466759
56.6 5.04392e-12 -0.000723202 0.0296366 0.0466313
56.8 5.03725e-12 -0.000708336 0.0294937 0.0465845
57 5.03068e-12 -0.000693773 0.0293507 0.0465355
57.2 5.0242e-12 -0.000679509 0.0292077 0.0464843
57.4 5.01783e-12 -0.000665537 0.0290647 0.046431
57.6 5.01155e-12 -0.000651851 0.0289218 0.0463756
57.8 5.00539e-12 -0.000638445 0.0287788 0.046318
58 4.99934e-12 -0.000625314 0.0286358 0.0462582
58.2 4.99341e-12 -0.000612451 0.0284929 0.0461964
58.4 4.9876e-12 -0.000599852 0.0283499 0.0461324
58.6 4.98192e-12 -0.000587511 0.028207 0.0460663
58.8 4.97637e-12 -0.000575423 0.0280641 0.0459981
59 4.97095e-12 -0.000563583 0.0279212 0.0459277
59.2 4.96567e-12 -0.000551985 0.0277783 0.0458553
59.4 4.96053e-12 -0.000540625 0.0276355 0.0457808
59.6 4.95554e-12 -0.000529498 0.0274926 0.0457042
59.8 4.95069e-12 -0.000518598 0.0273498 0.0456255
60 4.94598e-12 -0.000507923 0.0272071 0.0455448
60.2 4.94142e-12 -0.000497466 0.0270643 0.045462
60.4 4.93702e-12 -0.000487223 0.0269216 0.0453771
60.6 4.93276e-12 -0.00047719 0.0267789 0.0452902
60.8 4.92866e-12 -0.000467363 0.0266363 0.0452013
61 4.92471e-12 -0.000457738 0.0264937 0.0451103
61.2 4.92091e-12 -0.00044831 0.0263511 0.0450173
61.4 4.91727e-12 -0.000439075 0.0262086 0.0449222
61.6 4.91378e-12 -0.00043003 0.0260661 0.0448252
61.8 4.91044e-12 -0.00042117 0.0259237 0.0447261
62 4.90725e-12 -0.000412492 0.0257813 0.0446251
62.2 4.90421e-12 -0.000403992 0.0256389 0.0445221
62.4 4.90132e-12 -0.000395667 0.0254966 0.044417
62.6 4.89858e-12 -0.000387512 0.0253543 0.0443101
62.8 4.89599e-12 -0.000379525 0.0252121 0.0442011
63 4.89354e-12 -0.000371701 0.02507 0.0440902
63.2 4.89123e-12 -0.000364038 0.0249279 0.0439773
63.4 4.88907e-12 -0.000356532 0.0247859 0.0438625
63.6 4.88704e-12 -0.00034918 0.0246439 0.0437458
63.8 4.88514e-12 -0.00034198 0.0245019 0.0436271
64 4.88338e-12 -0.000334926 0.0243601 0.0435065
64.2 4.88174e-12 -0.000328018 0.0242183 0.043384
64.4 4.88024e-12 -0.000321252 0.0240765 0.0432596
64.6 4.87885e-12 -0.000314624 0.0239348 0.0431333
64.8 4.87758e-12 -0.000308132 0.0237932 0.0430051
65 4.87643e-12 -0.000301774 0.0236516 0.042875
65.2 4.87539e-12 -0.000295546 0.0235102 0.0427431
65.4 4.87446e-12 -0.000289446 0.0233687 0.0426092
65.6 4.87363e-12 -0.000283471 0.0232274 0.0424736
65.8 4.87291e-12 -0.000277619 0.0230861 0.0423361
66 4.87228e-12 -0.000271887 0.0229448 0.0421967
66.2 4.87174e-12 -0.000266273 0.0228037 0.0420555
66.4 4.87129e-12 -0.000260774 0.0226626 0.0419125
66.6 4.87092e-12 -0.000255388 0.0225216 0.0417677
66.8 4.87063e-12 -0.000250112 0.0223806 0.0416211
67 4.87042e-12 -0.000244945 0.0222398 0.0414727
67.2 4.87028e-12 -0.000239884 0.022099 0.0413225
67.4 4.87021e-12 -0.000234926 0.0219582 0.0411705
67.6 4.87019e-12 -0.000230071 0.0218176 0.0410168
67.8 4.87024e-12 -0.000225315 0.021677 0.0408613
68 4.87034e-12 -0.000220657 0.0215365 0.040704
68.2 4.87049e-12 -0.000216094 0.0213961 0.040545
68.4 4.87068e-12 -0.000211625 0.0212558 0.0403843
68.6 4.87092e-12 -0.000207248 0.0211155 0.0402218
68.8 4.87119e-12 -0.00020296 0.0209753 0.0400576
69 4.87149e-12 -0.000198761 0.0208352 0.0398917
69.2 4.87182e-12 -0.000194647 0.0206952 0.0397242
69.4 4.87217e-12 -0.000190619 0.0205552 0.0395549
69.6 4.87254e-12 -0.000186672 0.0204153 0.0393839
69.8 4.87293e-12 -0.000182807 0.0202756 0.0392113
70 4.87332e-12 -0.000179021 0.0201359 0.039037
70.2 4.87372e-12 -0.000175313 0.0199962 0.0388611
70.4 4.87413e-12 -0.000171681 0.0198567 0.0386835
70.6 4.87453e-12 -0.000168123 0.0197172 0.0385043
70.8 4.87492e-12 -0.000164638 0.0195778 0.0383234
71 4.8753e-12 -0.000161225 0.0194385 0.038141
71.2 4.87567e-12 -0.000157882 0.0192993 0.0379569
71.4 4.87602e-12 -0.000154607 0.0191602 0.0377712
71.6 4.87634e-12 -0.000151399 0.0190212 0.037584
71.8 4.87664e-12 -0.000148257 0.0188822 0.0373951
72 4.8769e-12 -0.000145179 0.0187433 0.0372047
72.2 4.87713e-12 -0.000142165 0.0186045 0.0370128
72.4 4.87731e-12 -0.000139212 0.0184658 0.0368193
72.6 4.87744e-12 -0.00013632 0.0183272 0.0366242
72.8 4.87753e-12 -0.000133487 0.0181886 0.0364277
73 4.87756e-12 -0.000130712 0.0180502 0.0362296
73.2 4.87753e-12 -0.000127993 0.0179118 0.03603
73.4 4.87743e-12 -0.000125331 0.0177735 0.0358289
73.6 4.87726e-12 -0.000122722 0.0176353 0.0356263
73.8 4.87701e-12 -0.000120167 0.0174972 0.0354222
74 4.87669e-12 -0.000117665 0.0173592 0.0352166
74.2 4.87627e-12 -0.000115213 0.0172212 0.0350096
74.4 4.87576e-12 -0.000112812 0.0170834 0.0348012
74.6 4.87516e-12 -0.000110459 0.0169456 0.0345913
74.8 4.87445e-12 -0.000108155 0.0168079 0.0343799
75 4.87362e-12 -0.000105898 0.0166703 0.0341672
75.2 4.87268e-12 -0.000103686 0.0165328 0.033953
75.4 4.87162e-12 -0.00010152 0.0163954 0.0337374
75.6 4.87042e-12 -9.9398e-05 0.016258 0.0335205
75.8 4.86909e-12 -9.73192e-05 0.0161208 0.0333022
76 4.86761e-12 -9.52827e-05 0.0159836 0.0330824
76.2 4.86597e-12 -9.32877e-05 0.0158465 0.0328614
76.4 4.86418e-12 -9.13332e-05 0.0157095 0.032639
76.6 4.86221e-12 -8.94185e-05 0.0155725 0.0324152
76.8 4.86006e-12 -8.75427e-05 0.0154357 0.0321901
77 4.85773e-12 -8.5705e-05 0.0152989 0.0319637
77.2 4.8552e-12 -8.39047e-05 0.0151623 0.031736
77.4 4.85246e-12 -8.21408e-05 0.0150257 0.031507
77.6 4.8495e-12 -8.04127e-05 0.0148892 0.0312767
77.8 4.84632e-12 -7.87196e-05 0.0147527 0.0310451
78 4.8429e-12 -7.70607e-05 0.0146164 0.0308123
78.2 4.83923e-12 -7.54354e-05 0.0144801 0.0305782
78.4 4.8353e-12 -7.3843e-05 0.0143439 0.0303429
78.6 4.8311e-12 -7.22827e-05 0.0142078 0.0301063
78.8 4.82662e-12 -7.07539e-05 0.0140718 0.0298685
79 4.82184e-12 -6.92559e-05 0.0139359 0.0296295
79.2 4.81675e-12 -6.77881e-05 0.0138 0.0293893
79.4 4.81134e-12 -6.63498e-05 0.0136643 0.0291479
79.6 4.80559e-12 -6.49404e-05 0.0135286 0.0289053
79.8 4.79949e-12 -6.35594e-05 0.013393 0.0286615
80 4.79302e-12 -6.2206e-05 0.0132574 0.0284166
80.2 4.78618e-12 -6.08797e-05 0.013122 0.0281705
80.4 4.77895e-12 -5.95799e-05 0.0129866 0.0279233
80.6 4.7713e-12 -5.83061e-05 0.0128513 0.027675
80.8 4.76323e-12 -5.70577e-05 0.0127161 0.0274256
81 4.75472e-12 -5.58342e-05 0.0125809 0.027175
81.2 4.74575e-12 -5.4635e-05 0.0124459 0.0269233
81.4 4.7363e-12 -5.34596e-05 0.0123109 0.0266706
81.6 4.72637e-12 -5.23076e-05 0.012176 0.0264168
81.8 4.71592e-12 -5.11783e-05 0.0120411 0.0261619
82 4.70495e-12 -5.00713e-05 0.0119064 0.025906
82.2 4.69343e-12 -4.89862e-05 0.0117717 0.0256491
82.4 4.68135e-12 -4.79225e-05 0.0116371 0.0253911
82.6 4.6687e-12 -4.68796e-05 0.0115025 0.0251321
82.8 4.65544e-12 -4.58572e-05 0.011368 0.0248721
83 4.64156e-12 -4.48548e-05 0.0112337 0.0246111
83.2 4.62704e-12 -4.3872e-05 0.0110993 0.0243491
83.4 4.61187e-12 -4.29083e-05 0.0109651 0.0240861
83.6 4.59603e-12 -4.19633e-05 0.0108309 0.0238222
83.8 4.57949e-12 -4.10366e-05 0.0106968 0.0235573
84 4.56223e-12 -4.01278e-05 0.0105627 0.0232915
84.2 4.54424e-12 -3.92365e-05 0.0104288 0.0230248
84.4 4.5255e-12 -3.83624e-05 0.0102949 0.0227571
84.6 4.50599e-12 -3.7505e-05 0.010161 0.0224886
84.8 4.48568e-12 -3.66639e-05 0.0100273 0.0222191
85 4.46457e-12 -3.58389e-05 0.00989356 0.0219488
85.2 4.44262e-12 -3.50295e-05 0.00975992 0.0216775
85.4 4.41982e-12 -3.42354e-05 0.00962635 0.0214055
85.6 4.39616e-12 -3.34562e-05 0.00949284 0.0211326
85.8 4.37161e-12 -3.26916e-05 0.0093594 0.0208588
86 4.34615e-12 -3.19413e-05 0.00922602 0.0205842
86.2 4.31977e-12 -3.1205e-05 0.00909271 0.0203088
86.4 4.29244e-12 -3.04823e-05 0.00895945 0.0200326
86.6 4.26416e-12 -2.97729e-05 0.00882626 0.0197556
86.8 4.23491e-12 -2.90764e-05 0.00869313 0.0194778
87 4.20466e-12 -2.83927e-05 0.00856006 0.0191993
87.2 4.1734e-12 -2.77214e-05 0.00842704 0.01892
87.4 4.14111e-12 -2.70622e-05 0.00829409 0.0186399
87.6 4.10779e-12 -2.64148e-05 0.00816119 0.0183591
87.8 4.07341e-12 -2.5779e-05 0.00802836 0.0180776
88 4.03796e-12 -2.51544e-05 0.00789557 0.0177954
88.2 4.00142e-12 -2.45407e-05 0.00776285 0.0175125
88.4 3.9638e-12 -2.39379e-05 0.00763017 0.0172289
88.6 3.92506e-12 -2.33454e-05 0.00749756 0.0169446
88.8 3.88521e-12 -2.27632e-05 0.00736499 0.0166597
89 3.84423e-12 -2.21909e-05 0.00723248 0.016374
89.2 3.80211e-12 -2.16283e-05 0.00710002 0.0160878
89.4 3.75884e-12 -2.10752e-05 0.00696761 0.0158009
89.6 3.71442e-12 -2.05313e-05 0.00683525 0.0155134
89.8 3.66883e-12 -1.99963e-05 0.00670294 0.0152253
90 3.62208e-12 -1.94701e-05 0.00657068 0.0149366
90.2 3.57415e-12 -1.89524e-05 0.00643847 0.0146473
90.4 3.52505e-12 -1.84429e-05 0.0063063 0.0143575
90.6 3.47477e-12 -1.79416e-05 0.00617418 0.0140671
90.8 3.4233e-12 -1.74481e-05 0.00604211 0.0137761
91 3.37065e-12 -1.69622e-05 0.00591008 0.0134846
91.2 3.31682e-12 -1.64837e-05 0.00577809 0.0131925
91.4 3.26181e-12 -1.60124e-05 0.00564614 0.0129
91.6 3.20562e-12 -1.55481e-05 0.00551424 0.012607
91.8 3.14826e-12 -1.50907e-05 0.00538238 0.0123134
92 3.08972e-12 -1.46398e-05 0.00525056 0.0120194
92.2 3.03003e-12 -1.41953e-05 0.00511878 0.0117249
92.4 2.96918e-12 -1.3757e-05 0.00498704 0.01143
92.6 2.90718e-12 -1.33248e-05 0.00485533 0.0111346
92.8 2.84405e-12 -1.28984e-05 0.00472366 0.0108388
93 2.77979e-12 -1.24776e-05 0.00459203 0.0105425
93.2 2.71443e-12 -1.20623e-05 0.00446043 0.0102459
93.4 2.64796e-12 -1.16522e-05 0.00432886 0.00994882
93.6 2.58041e-12 -1.12473e-05 0.00419733 0.00965139
93.8 2.5118e-12 -1.08472e-05 0.00406583 0.00935358
94 2.44213e-12 -1.04519e-05 0.00393436 0.00905541
94.2 2.37144e-12 -1.00612e-05 0.00380293 0.00875689
94.4 2.29974e-12 -9.67489e-06 0.00367152 0.00845803
94.6 2.22705e-12 -9.29281e-06 0.00354014 0.00815885
94.8 2.1534e-12 -8.91479e-06 0.00340878 0.00785935
95 2.07881e-12 -8.54067e-06 0.00327746 0.00755954
95.2 2.0033e-12 -8.17029e-06 0.00314616 0.00725944
95.4 1.9269e-12 -7.80349e-06 0.00301488 0.00695907
95.6 1.84965e-12 -7.4401e-06 0.00288363 0.00665842
95.8 1.77155e-12 -7.07996e-06 0.0027524 0.00635752
96 1.69266e-12 -6.72293e-06 0.00262119 0.00605637
96.2 1.61299e-12 -6.36883e-06 0.00249 0.00575499
96.4 1.53259e-12 -6.01753e-06 0.00235883 0.00545339
96.6 1.45147e-12 -5.66885e-06 0.00222768 0.00515158
96.8 1.36969e-12 -5.32266e-06 0.00209655 0.00484957
97 1.28726e-12 -4.9788e-06 0.00196543 0.00454738
97.2 1.20423e-12 -4.63712e-06 0.00183433 0.004245
97.4 1.12063e-12 -4.29746e-06 0.00170325 0.00394247
97.6 1.0365e-12 -3.95969e-06 0.00157218 0.00363978
97.8 9.51885e-13 -3.62366e-06 0.00144112 0.00333696
98 8.66812e-13 -3.2892e-06 0.00131007 0.00303401
98.2 7.81324e-13 -2.95619e-06 0.00117903 0.00273094
98.4 6.95462e-13 -2.62448e-06 0.001048 0.00242776
98.6 6.09266e-13 -2.29391e-06 0.000916985 0.0021245
98.8 5.22776e-13 -1.96434e-06 0.000785973 0.00182115
99 4.36034e-13 -1.63564e-06 0.000654968 0.00151773
99.2 3.49081e-13 -1.30765e-06 0.000523968 0.00121425
99.4 2.61959e-13 -9.8024e-07 0.000392972 0.000910731
99.6 1.7471e-13 -6.53255e-07 0.00026198 0.000607173
99.8 8.73762e-14 -3.26556e-07 0.000130989 0.000303592
