-99.8 8.01981e-14 3.26574e-07 0.000131034 0.000303579
-99.6 1.60358e-13 6.53292e-07 0.000262069 0.000607146
-99.4 2.40443e-13 9.80295e-07 0.000393106 0.00091069
-99.2 3.20414e-13 1.30773e-06 0.000524147 0.0012142
-99 4.00234e-13 1.63573e-06 0.000655191 0.00151766
-98.8 4.79866e-13 1.96445e-06 0.000786241 0.00182107
-98.6 5.59273e-13 2.29404e-06 0.000917297 0.0021244
-98.4 6.38418e-13 2.62462e-06 0.00104836 0.00242766
-98.2 7.17265e-13 2.95636e-06 0.00117943 0.00273082
-98 7.95778e-13 3.28939e-06 0.00131051 0.00303387
-97.8 8.73923e-13 3.62386e-06 0.00144161 0.00333681
-97.6 9.51664e-13 3.95991e-06 0.00157271 0.00363962
-97.4 1.02897e-12 4.2977e-06 0.00170383 0.0039423
-97.2 1.1058e-12 4.63737e-06 0.00183496 0.00424482
-97 1.18213e-12 4.97907e-06 0.0019661 0.00454717
-96.8 1.25793e-12 5.32295e-06 0.00209726 0.00484936
-96.6 1.33316e-12 5.66917e-06 0.00222844 0.00515135
-96.4 1.4078e-12 6.01786e-06 0.00235963 0.00545315
-96.2 1.48182e-12 6.36918e-06 0.00249085 0.00575474
-96 1.55518e-12 6.72329e-06 0.00262208 0.00605611
-95.8 1.62786e-12 7.08035e-06 0.00275333 0.00635724
-95.6 1.69984e-12 7.4405e-06 0.00288461 0.00665813
-95.4 1.77109e-12 7.80391e-06 0.0030159 0.00695876
-95.2 1.84159e-12 8.17073e-06 0.00314722 0.00725912
-95 1.91131e-12 8.54113e-06 0.00327857 0.0075592
-94.8 1.98023e-12 8.91527e-06 0.00340994 0.007859
-94.6 2.04834e-12 9.2933e-06 0.00354134 0.00815848
-94.4 2.11561e-12 9.67541e-06 0.00367276 0.00845766
-94.2 2.18203e-12 1.00617e-05 0.00380421 0.0087565
-94 2.24757e-12 1.04525e-05 0.00393569 0.00905501
-93.8 2.31223e-12 1.08478e-05 0.00406721 0.00935316
-93.6 2.37599e-12 1.12478e-05 0.00419875 0.00965096
-93.4 2.43883e-12 1.16528e-05 0.00433032 0.00994838
-93.2 2.50075e-12 1.20629e-05 0.00446193 0.0102454
-93 2.56173e-12 1.24782e-05 0.00459357 0.010542
-92.8 2.62177e-12 1.2899e-05 0.00472525 0.0108383
-92.6 2.68085e-12 1.33255e-05 0.00485696 0.0111341
-92.4 2.73897e-12 1.37577e-05 0.00498871 0.0114295
-92.2 2.79612e-12 1.4196e-05 0.0051205 0.0117244
-92 2.8523e-12 1.46405e-05 0.00525232 0.0120189
-91.8 2.9075e-12 1.50914e-05 0.00538418 0.0123129
-91.6 2.96172e-12 1.55489e-05 0.00551609 0.0126064
-91.4 3.01497e-12 1.60132e-05 0.00564803 0.0128994
-91.2 3.06723e-12 1.64845e-05 0.00578002 0.013192
-91 3.11851e-12 1.6963e-05 0.00591205 0.013484
-90.8 3.16882e-12 1.74489e-05 0.00604412 0.0137755
-90.6 3.21814e-12 1.79424e-05 0.00617624 0.0140664
-90.4 3.2665e-12 1.84438e-05 0.0063084 0.0143568
-90.2 3.31388e-12 1.89533e-05 0.00644061 0.0146467
-90 3.3603e-12 1.9471e-05 0.00657286 0.0149359
-89.8 3.40577e-12 1.99972e-05 0.00670517 0.0152246
-89.6 3.45028e-12 2.05322e-05 0.00683752 0.0155127
-89.4 3.49385e-12 2.10762e-05 0.00696992 0.0158002
-89.2 3.53648e-12 2.16293e-05 0.00710237 0.0160871
-89 3.57819e-12 2.21919e-05 0.00723487 0.0163733
-88.8 3.61898e-12 2.27642e-05 0.00736742 0.0166589
-88.6 3.65886e-12 2.33465e-05 0.00750003 0.0169438
-88.4 3.69785e-12 2.39389e-05 0.00763268 0.0172281
-88.2 3.73595e-12 2.45418e-05 0.0077654 0.0175117
-88 3.77318e-12 2.51555e-05 0.00789816 0.0177946
-87.8 3.80955e-12 2.57801e-05 0.00803099 0.0180768
-87.6 3.84506e-12 2.64159e-05 0.00816387 0.0183583
-87.4 3.87974e-12 2.70634e-05 0.0082968 0.0186391
-87.2 3.9136e-12 2.77226e-05 0.0084298 0.0189191
-87 3.94664e-12 2.83939e-05 0.00856285 0.0191984
-86.8 3.97889e-12 2.90777e-05 0.00869596 0.0194769
-86.6 4.01036e-12 2.97741e-05 0.00882913 0.0197547
-86.4 4.04106e-12 3.04835e-05 0.00896236 0.0200317
-86.2 4.071e-12 3.12063e-05 0.00909565 0.0203079
-86 4.1002e-12 3.19426e-05 0.00922901 0.0205833
-85.8 4.12868e-12 3.2693e-05 0.00936242 0.0208578
-85.6 4.15644e-12 3.34575e-05 0.0094959 0.0211316
-85.4 4.18351e-12 3.42367e-05 0.00962945 0.0214045
-85.2 4.20989e-12 3.50309e-05 0.00976306 0.0216765
-85 4.23561e-12 3.58403e-05 0.00989673 0.0219477
-84.8 4.26067e-12 3.66653e-05 0.0100305 0.0222181
-84.6 4.28509e-12 3.75064e-05 0.0101643 0.0224875
-84.4 4.30888e-12 3.83638e-05 0.0102982 0.0227561
-84.2 4.33206e-12 3.9238e-05 0.0104321 0.0230237
-84 4.35464e-12 4.01293e-05 0.0105661 0.0232904
-83.8 4.37663e-12 4.10381e-05 0.0107002 0.0235562
-83.6 4.39806e-12 4.19648e-05 0.0108343 0.0238211
-83.4 4.41892e-12 4.29098e-05 0.0109685 0.024085
-83.2 4.43924e-12 4.38735e-05 0.0111028 0.024348
-83 4.45903e-12 4.48564e-05 0.0112372 0.0246099
-82.8 4.4783e-12 4.58588e-05 0.0113716 0.0248709
-82.6 4.49705e-12 4.68812e-05 0.0115061 0.0251309
-82.4 4.51532e-12 4.79241e-05 0.0116407 0.0253899
-82.2 4.53309e-12 4.89879e-05 0.0117754 0.0256479
-82 4.5504e-12 5.0073e-05 0.0119101 0.0259048
-81.8 4.56724e-12 5.118e-05 0.0120449 0.0261607
-81.6 4.58364e-12 5.23093e-05 0.0121798 0.0264156
-81.4 4.59959e-12 5.34613e-05 0.0123147 0.0266694
-81.2 4.61511e-12 5.46367e-05 0.0124497 0.0269221
-81 4.63022e-12 5.58359e-05 0.0125848 0.0271737
-80.8 4.64492e-12 5.70595e-05 0.01272 0.0274242
-80.6 4.65921e-12 5.83079e-05 0.0128553 0.0276737
-80.4 4.67312e-12 5.95817e-05 0.0129906 0.027922
-80.2 4.68665e-12 6.08815e-05 0.013126 0.0281692
-80 4.6998e-12 6.22078e-05 0.0132615 0.0284152
-79.8 4.71259e-12 6.35612e-05 0.013397 0.0286601
-79.6 4.72502e-12 6.49423e-05 0.0135327 0.0289039
-79.4 4.73711e-12 6.63517e-05 0.0136684 0.0291465
-79.2 4.74886e-12 6.77901e-05 0.0138042 0.0293879
-79 4.76027e-12 6.92579e-05 0.0139401 0.0296281
-78.8 4.77137e-12 7.07559e-05 0.0140761 0.0298671
-78.6 4.78214e-12 7.22847e-05 0.0142121 0.0301048
-78.4 4.79261e-12 7.3845e-05 0.0143483 0.0303414
-78.2 4.80277e-12 7.54375e-05 0.0144845 0.0305767
-78 4.81263e-12 7.70628e-05 0.0146208 0.0308108
-77.8 4.82221e-12 7.87216e-05 0.0147571 0.0310436
-77.6 4.8315e-12 8.04147e-05 0.0148936 0.0312752
-77.4 4.84051e-12 8.21429e-05 0.0150301 0.0315055
-77.2 4.84926e-12 8.39068e-05 0.0151667 0.0317345
-77 4.85773e-12 8.57072e-05 0.0153035 0.0319622
-76.8 4.86595e-12 8.75449e-05 0.0154402 0.0321885
-76.6 4.87391e-12 8.94207e-05 0.0155771 0.0324136
-76.4 4.88162e-12 9.13354e-05 0.0157141 0.0326374
-76.2 4.88909e-12 9.32899e-05 0.0158511 0.0328598
-76 4.89632e-12 9.52849e-05 0.0159882 0.0330808
-75.8 4.90331e-12 9.73214e-05 0.0161254 0.0333005
-75.6 4.91008e-12 9.94003e-05 0.0162627 0.0335188
-75.4 4.91662e-12 0.000101522 0.0164001 0.0337358
-75.2 4.92295e-12 0.000103689 0.0165376 0.0339513
-75 4.92906e-12 0.0001059 0.0166751 0.0341655
-74.8 4.93496e-12 0.000108157 0.0168127 0.0343782
-74.6 4.94066e-12 0.000110462 0.0169505 0.0345895
-74.4 4.94616e-12 0.000112814 0.0170883 0.0347994
-74.2 4.95147e-12 0.000115216 0.0172261 0.0350079
-74 4.95658e-12 0.000117667 0.0173641 0.0352149
-73.8 4.96151e-12 0.00012017 0.0175022 0.0354204
-73.6 4.96626e-12 0.000122725 0.0176403 0.0356244
-73.4 4.97083e-12 0.000125333 0.0177785 0.035827
-73.2 4.97523e-12 0.000127996 0.0179168 0.0360281
-73 4.97947e-12 0.000130714 0.0180552 0.0362277
-72.8 4.98354e-12 0.000133489 0.0181937 0.0364258
-72.6 4.98746e-12 0.000136322 0.0183323 0.0366224
-72.4 4.99122e-12 0.000139215 0.0184709 0.0368174
-72.2 4.99483e-12 0.000142168 0.0186097 0.0370109
-72 4.9983e-12 0.000145182 0.0187485 0.0372028
-71.8 5.00162e-12 0.00014826 0.0188874 0.0373932
-71.6 5.00482e-12 0.000151402 0.0190264 0.037582
-71.4 5.00788e-12 0.000154609 0.0191654 0.0377693
-71.2 5.01081e-12 0.000157884 0.0193046 0.0379549
-71 5.01363e-12 0.000161228 0.0194438 0.038139
-70.8 5.01632e-12 0.000164641 0.0195831 0.0383214
-70.6 5.01891e-12 0.000168126 0.0197225 0.0385022
-70.4 5.02138e-12 0.000171683 0.019862 0.0386815
-70.2 5.02376e-12 0.000175316 0.0200016 0.038859
-70 5.02603e-12 0.000179024 0.0201412 0.039035
-69.8 5.02821e-12 0.00018281 0.0202809 0.0392092
-69.6 5.03029e-12 0.000186675 0.0204207 0.0393818
-69.4 5.0323e-12 0.000190621 0.0205606 0.0395528
-69.2 5.03422e-12 0.00019465 0.0207006 0.039722
-69 5.03606e-12 0.000198764 0.0208406 0.0398896
-68.8 5.03783e-12 0.000202963 0.0209808 0.0400555
-68.6 5.03954e-12 0.000207251 0.021121 0.0402197
-68.4 5.04118e-12 0.000211628 0.0212613 0.0403821
-68.2 5.04276e-12 0.000216097 0.0214016 0.0405428
-68 5.04429e-12 0.00022066 0.021542 0.0407018
-67.8 5.04576e-12 0.000225318 0.0216826 0.0408591
-67.6 5.04719e-12 0.000230074 0.0218231 0.0410146
-67.4 5.04858e-12 0.000234929 0.0219638 0.0411683
-67.2 5.04993e-12 0.000239887 0.0221046 0.0413202
-67 5.05125e-12 0.000244948 0.0222454 0.0414704
-66.8 5.05253e-12 0.000250115 0.0223862 0.0416188
-66.6 5.0538e-12 0.000255391 0.0225272 0.0417654
-66.4 5.05504e-12 0.000260777 0.0226682 0.0419102
-66.2 5.05626e-12 0.000266276 0.0228093 0.0420532
-66 5.05747e-12 0.00027189 0.0229505 0.0421944
-65.8 5.05867e-12 0.000277622 0.0230917 0.0423337
-65.6 5.05987e-12 0.000283475 0.0232331 0.0424712
-65.4 5.06106e-12 0.000289449 0.0233744 0.0426069
-65.2 5.06226e-12 0.000295549 0.0235159 0.0427406
-65 5.06346e-12 0.000301777 0.0236574 0.0428726
-64.8 5.06467e-12 0.000308136 0.0237989 0.0430026
-64.6 5.0659e-12 0.000314627 0.0239406 0.0431308
-64.4 5.06714e-12 0.000321255 0.0240823 0.0432571
-64.2 5.06841e-12 0.000328022 0.024224 0.0433815
-64 5.06969e-12 0.00033493 0.0243659 0.043504
-63.8 5.07101e-12 0.000341983 0.0245077 0.0436246
-63.6 5.07235e-12 0.000349184 0.0246497 0.0437432
-63.4 5.07373e-12 0.000356536 0.0247917 0.04386
-63.2 5.07515e-12 0.000364041 0.0249337 0.0439748
-63 5.0766e-12 0.000371705 0.0250758 0.0440876
-62.8 5.0781e-12 0.000379528 0.025218 0.0441985
-62.6 5.07965e-12 0.000387516 0.0253602 0.0443075
-62.4 5.08125e-12 0.00039567 0.0255024 0.0444144
-62.2 5.08289e-12 0.000403996 0.0256447 0.0445194
-62 5.0846e-12 0.000412496 0.0257871 0.0446225
-61.8 5.08635e-12 0.000421174 0.0259295 0.0447235
-61.6 5.08818e-12 0.000430034 0.026072 0.0448225
-61.4 5.09006e-12 0.000439079 0.0262144 0.0449196
-61.2 5.09201e-12 0.000448314 0.026357 0.0450146
-61 5.09402e-12 0.000457742 0.0264995 0.0451076
-60.8 5.09611e-12 0.000467367 0.0266422 0.0451985
-60.6 5.09827e-12 0.000477194 0.0267848 0.0452875
-60.4 5.1005e-12 0.000487227 0.0269275 0.0453744
-60.2 5.10281e-12 0.000497469 0.0270702 0.0454592
-60 5.1052e-12 0.000507926 0.0272129 0.045542
-59.8 5.10767e-12 0.000518602 0.0273557 0.0456227
-59.6 5.11022e-12 0.000529501 0.0274985 0.0457014
-59.4 5.11286e-12 0.000540629 0.0276414 0.045778
-59.2 5.11559e-12 0.000551989 0.0277842 0.0458525
-59 5.1184e-12 0.000563587 0.0279271 0.0459249
-58.8 5.1213e-12 0.000575427 0.02807 0.0459952
-58.6 5.1243e-12 0.000587515 0.0282129 0.0460634
-58.4 5.12738e-12 0.000599856 0.0283558 0.0461295
-58.2 5.13056e-12 0.000612455 0.0284988 0.0461935
-58 5.13384e-12 0.000625318 0.0286417 0.0462553
-57.8 5.13721e-12 0.000638449 0.0287847 0.046315
-57.6 5.14068e-12 0.000651855 0.0289276 0.0463726
-57.4 5.14425e-12 0.000665541 0.0290706 0.0464281
-57.2 5.14792e-12 0.000679513 0.0292136 0.0464813
-57 5.15169e-12 0.000693777 0.0293566 0.0465325
-56.8 5.15556e-12 0.00070834 0.0294995 0.0465814
-56.6 5.15953e-12 0.000723206 0.0296425 0.0466282
-56.4 5.16361e-12 0.000738384 0.0297855 0.0466729
-56.2 5.16779e-12 0.000753878 0.0299284 0.0467153
-56 5.17207e-12 0.000769696 0.0300713 0.0467556
-55.8 5.17646e-12 0.000785844 0.0302143 0.0467936
-55.6 5.18096e-12 0.00080233 0.0303571 0.0468295
-55.4 5.18555e-12 0.000819159 0.0305 0.0468631
-55.2 5.19026e-12 0.000836341 0.0306429 0.0468946
-55 5.19507e-12 0.00085388 0.0307857 0.0469238
-54.8 5.19998e-12 0.000871786 0.0309285 0.0469508
-54.6 5.205e-12 0.000890066 0.0310712 0.0469755
-54.4 5.21013e-12 0.000908727 0.0312139 0.0469981
-54.2 5.21536e-12 0.000927777 0.0313566 0.0470184
-54 5.2207e-12 0.000947225 0.0314993 0.0470364
-53.8 5.22614e-12 0.000967079 0.0316418 0.0470522
-53.6 5.23168e-12 0.000987346 0.0317844 0.0470657
-53.4 5.23733e-12 0.00100804 0.0319268 0.047077
-53.2 5.24309e-12 0.00102916 0.0320693 0.047086
-53 5.24895e-12 0.00105072 0.0322116 0.0470927
-52.8 5.25491e-12 0.00107273 0.0323539 0.0470971
-52.6 5.26097e-12 0.0010952 0.0324961 0.0470993
-52.4 5.26714e-12 0.00111814 0.0326383 0.0470992
-52.2 5.27341e-12 0.00114156 0.0327803 0.0470967
-52 5.27979e-12 0.00116546 0.0329223 0.047092
-51.8 5.28627e-12 0.00118986 0.0330642 0.047085
-51.6 5.29285e-12 0.00121477 0.0332061 0.0470756
-51.4 5.29953e-12 0.0012402 0.0333478 0.0470639
-51.2 5.30632e-12 0.00126616 0.0334894 0.0470499
-51 5.31321e-12 0.00129266 0.0336309 0.0470336
-50.8 5.32021e-12 0.00131971 0.0337723 0.047015
-50.6 5.32732e-12 0.00134732 0.0339136 0.046994
-50.4 5.33453e-12 0.00137551 0.0340548 0.0469707
-50.2 5.34186e-12 0.00140428 0.0341959 0.046945
-50 5.3493e-12 0.00143365 0.0343368 0.046917
-49.8 5.35686e-12 0.00146363 0.0344777 0.0468866
-49.6 5.36454e-12 0.00149424 0.0346183 0.0468539
-49.4 5.37235e-12 0.00152548 0.0347589 0.0468188
-49.2 5.38029e-12 0.00155737 0.0348993 0.0467813
-49 5.38837e-12 0.00158992 0.0350395 0.0467415
-48.8 5.3966e-12 0.00162315 0.0351796 0.0466993
-48.6 5.40499e-12 0.00165707 0.0353195 0.0466547
-48.4 5.41355e-12 0.0016917 0.0354593 0.0466077
-48.2 5.4223e-12 0.00172704 0.0355989 0.0465584
-48 5.43125e-12 0.00176312 0.0357383 0.0465066
-47.8 5.44041e-12 0.00179994 0.0358775 0.0464525
-47.6 5.44982e-12 0.00183753 0.0360165 0.0463959
-47.4 5.4595e-12 0.0018759 0.0361553 0.046337
-47.2 5.46947e-12 0.00191507 0.036294 0.0462756
-47 5.47977e-12 0.00195504 0.0364324 0.0462118
-46.8 5.49043e-12 0.00199585 0.0365706 0.0461456
-46.6 5.50152e-12 0.0020375 0.0367086 0.046077
-46.4 5.51306e-12 0.00208001 0.0368464 0.046006
-46.2 5.52513e-12 0.00212341 0.0369839 0.0459325
-46 5.53779e-12 0.0021677 0.0371212 0.0458566
-45.8 5.55112e-12 0.00221291 0.0372582 0.0457783
-45.6 5.5652e-12 0.00225906 0.037395 0.0456975
-45.4 5.58015e-12 0.00230616 0.0375315 0.0456143
-45.2 5.59607e-12 0.00235424 0.0376677 0.0455287
-45 5.61311e-12 0.00240331 0.0378037 0.0454406
-44.8 5.63141e-12 0.00245339 0.0379394 0.04535
-44.6 5.65114e-12 0.00250451 0.0380748 0.045257
-44.4 5.67252e-12 0.00255669 0.0382099 0.0451615
-44.2 5.69577e-12 0.00260994 0.0383447 0.0450636
-44 5.72115e-12 0.0026643 0.0384791 0.0449632
-43.8 5.74895e-12 0.00271978 0.0386133 0.0448604
-43.6 5.77954e-12 0.0027764 0.0387471 0.0447551
-43.4 5.81328e-12 0.00283419 0.0388805 0.0446473
-43.2 5.85064e-12 0.00289318 0.0390137 0.044537
-43 5.89211e-12 0.00295338 0.0391464 0.0444243
-42.8 5.93829e-12 0.00301482 0.0392788 0.0443091
-42.6 5.98984e-12 0.00307753 0.0394108 0.0441914
-42.4 6.04752e-12 0.00314153 0.0395424 0.0440712
-42.2 6.1122e-12 0.00320685 0.0396736 0.0439485
-42 6.18486e-12 0.00327352 0.0398045 0.0438234
-41.8 6.26665e-12 0.00334156 0.0399349 0.0436957
-41.6 6.35884e-12 0.00341099 0.0400648 0.0435656
-41.4 6.46292e-12 0.00348186 0.0401944 0.0434329
-41.2 6.58057e-12 0.00355419 0.0403235 0.0432978
-41 6.71371e-12 0.003628 0.0404521 0.0431601
-40.8 6.86453e-12 0.00370333 0.0405803 0.04302
-40.6 7.03554e-12 0.00378021 0.040708 0.0428774
-40.4 7.22959e-12 0.00385866 0.0408351 0.0427322
-40.2 7.44995e-12 0.00393873 0.0409618 0.0425846
-40 7.70034e-12 0.00402044 0.041088 0.0424344
-39.8 7.98501e-12 0.00410383 0.0412137 0.0422817
-39.6 8.30882e-12 0.00418892 0.0413388 0.0421265
-39.4 8.67729e-12 0.00427577 0.0414634 0.0419688
-39.2 9.09675e-12 0.00436439 0.0415874 0.0418086
-39 9.57442e-12 0.00445483 0.0417108 0.0416459
-38.8 1.01185e-11 0.00454711 0.0418336 0.0414806
-38.6 1.07384e-11 0.00464129 0.0419559 0.0413128
-38.4 1.14449e-11 0.0047374 0.0420775 0.0411425
-38.2 1.22502e-11 0.00483547 0.0421985 0.0409697
-38 1.31683e-11 0.00493554 0.0423189 0.0407944
-37.8 1.42151e-11 0.00503766 0.0424386 0.0406165
-37.6 1.54087e-11 0.00514186 0.0425576 0.0404361
-37.4 1.67701e-11 0.0052482 0.042676 0.0402532
-37.2 1.83229e-11 0.0053567 0.0427937 0.0400678
-37 2.00941e-11 0.00546741 0.0429106 0.0398798
-36.8 2.21147e-11 0.00558038 0.0430268 0.0396893
-36.6 2.44198e-11 0.00569566 0.0431423 0.0394963
-36.4 2.70497e-11 0.00581328 0.043257 0.0393008
-36.2 3.00503e-11 0.00593329 0.0433709 0.0391027
-36 3.34741e-11 0.00605575 0.0434841 0.0389021
-35.8 3.73807e-11 0.00618069 0.0435964 0.0386989
-35.6 4.18386e-11 0.00630818 0.0437079 0.0384933
-35.4 4.69254e-11 0.00643825 0.0438185 0.0382851
-35.2 5.27302e-11 0.00657096 0.0439283 0.0380743
-35 5.93545e-11 0.00670637 0.0440372 0.0378611
-34.8 6.69139e-11 0.00684452 0.0441453 0.0376453
-34.6 7.55407e-11 0.00698547 0.0442524 0.037427
-34.4 8.53856e-11 0.00712927 0.0443585 0.0372061
-34.2 9.66209e-11 0.00727599 0.0444637 0.0369827
-34 1.09443e-10 0.00742567 0.0445679 0.0367568
-33.8 1.24076e-10 0.00757838 0.0446712 0.0365284
-33.6 1.40776e-10 0.00773417 0.0447734 0.0362974
-33.4 1.59835e-10 0.0078931 0.0448745 0.036064
-33.2 1.81586e-10 0.00805524 0.0449747 0.035828
-33 2.06409e-10 0.00822065 0.0450737 0.0355894
-32.8 2.3474e-10 0.0083894 0.0451716 0.0353484
-32.6 2.67072e-10 0.00856153 0.0452684 0.0351048
-32.4 3.03972e-10 0.00873713 0.0453641 0.0348587
-32.2 3.46084e-10 0.00891626 0.0454585 0.0346101
-32 3.94146e-10 0.00909899 0.0455518 0.0343589
-31.8 4.48998e-10 0.00928538 0.0456439 0.0341053
-31.6 5.11598e-10 0.00947551 0.0457347 0.0338491
-31.4 5.83041e-10 0.00966944 0.0458242 0.0335905
-31.2 6.64578e-10 0.00986726 0.0459125 0.0333293
-31 7.57632e-10 0.010069 0.0459994 0.0330656
-30.8 8.63832e-10 0.0102748 0.0460849 0.0327994
-30.6 9.85034e-10 0.0104848 0.0461691 0.0325307
-30.4 1.12336e-09 0.0106989 0.0462519 0.0322595
-30.2 1.28122e-09 0.0109172 0.0463333 0.0319858
-30 1.46138e-09 0.0111399 0.0464131 0.0317096
-29.8 1.66699e-09 0.0113671 0.0464915 0.0314309
-29.6 1.90165e-09 0.0115987 0.0465684 0.0311497
-29.4 2.16944e-09 0.011835 0.0466437 0.0308661
-29.2 2.47507e-09 0.0120759 0.0467174 0.0305799
-29 2.82386e-09 0.0123216 0.0467895 0.0302913
-28.8 3.22192e-09 0.0125722 0.04686 0.0300002
-28.6 3.67619e-09 0.0128277 0.0469287 0.0297067
-28.4 4.19463e-09 0.0130883 0.0469958 0.0294106
-28.2 4.78629e-09 0.013354 0.0470611 0.0291121
-28 5.46151e-09 0.0136249 0.0471246 0.0288112
-27.8 6.23209e-09 0.0139012 0.0471863 0.0285078
-27.6 7.1115e-09 0.0141829 0.0472461 0.0282019
-27.4 8.11509e-09 0.0144701 0.047304 0.0278936
-27.2 9.26041e-09 0.0147629 0.04736 0.0275829
-27 1.05675e-08 0.0150615 0.047414 0.0272697
-26.8 1.20591e-08 0.0153659 0.0474659 0.0269542
-26.6 1.37613e-08 0.0156762 0.0475159 0.0266361
-26.4 1.57039e-08 0.0159926 0.0475637 0.0263157
-26.2 1.79208e-08 0.0163151 0.0476093 0.0259929
-26 2.04507e-08 0.0166439 0.0476528 0.0256676
-25.8 2.33379e-08 0.016979 0.0476941 0.02534
-25.6 2.66326e-08 0.0173207 0.047733 0.02501
-25.4 3.03925e-08 0.0176689 0.0477697 0.0246776
-25.2 3.46832e-08 0.0180239 0.0478039 0.0243428
-25 3.95796e-08 0.0183857 0.0478358 0.0240057
-24.8 4.51672e-08 0.0187544 0.0478651 0.0236662
-24.6 5.15436e-08 0.0191302 0.047892 0.0233244
-24.4 5.88201e-08 0.0195132 0.0479163 0.0229802
-24.2 6.71237e-08 0.0199035 0.0479379 0.0226337
-24 7.65993e-08 0.0203013 0.0479569 0.0222849
-23.8 8.74123e-08 0.0207066 0.0479731 0.0219338
-23.6 9.97515e-08 0.0211197 0.0479865 0.0215804
-23.4 1.13832e-07 0.0215405 0.0479971 0.0212247
-23.2 1.299e-07 0.0219693 0.0480047 0.0208667
-23 1.48235e-07 0.0224062 0.0480094 0.0205065
-22.8 1.69157e-07 0.0228512 0.0480111 0.020144
-22.6 1.93032e-07 0.0233047 0.0480096 0.0197793
-22.4 2.20276e-07 0.0237666 0.048005 0.0194123
-22.2 2.51363e-07 0.0242371 0.0479971 0.0190432
-22 2.86837e-07 0.0247163 0.047986 0.0186718
-21.8 3.27315e-07 0.0252045 0.0479714 0.0182983
-21.6 3.73504e-07 0.0257017 0.0479535 0.0179226
-21.4 4.26208e-07 0.026208 0.047932 0.0175448
-21.2 4.86347e-07 0.0267236 0.0479069 0.0171648
-21 5.54968e-07 0.0272487 0.0478781 0.0167828
-20.8 6.33268e-07 0.0277834 0.0478456 0.0163986
-20.6 7.22611e-07 0.0283277 0.0478093 0.0160124
-20.4 8.24554e-07 0.0288819 0.0477691 0.0156241
-20.2 9.40872e-07 0.0294462 0.0477248 0.0152337
-20 1.07359e-06 0.0300205 0.0476765 0.0148414
-19.8 1.22503e-06 0.0306051 0.047624 0.0144471
-19.6 1.39781e-06 0.0312002 0.0475672 0.0140508
-19.4 1.59495e-06 0.0318058 0.0475061 0.0136526
-19.2 1.81989e-06 0.032422 0.0474405 0.0132524
-19 2.07653e-06 0.0330491 0.0473704 0.0128504
-18.8 2.36934e-06 0.0336872 0.0472956 0.0124465
-18.6 2.70343e-06 0.0343363 0.0472161 0.0120408
-18.4 3.08459e-06 0.0349967 0.0471317 0.0116333
-18.2 3.51946e-06 0.0356684 0.0470423 0.011224
-18 4.01561e-06 0.0363515 0.0469478 0.010813
-17.8 4.58166e-06 0.0370463 0.0468481 0.0104003
-17.6 5.22745e-06 0.0377528 0.0467431 0.00998588
-17.4 5.96421e-06 0.0384711 0.0466326 0.00956987
-17.2 6.80474e-06 0.0392013 0.0465166 0.00915227
-17 7.76364e-06 0.0399436 0.0463949 0.00873312
-16.8 8.85758e-06 0.040698 0.0462673 0.00831247
-16.6 1.01055e-05 0.0414647 0.0461338 0.00789036
-16.4 1.15292e-05 0.0422437 0.0459942 0.00746685
-16.2 1.31532e-05 0.0430351 0.0458483 0.00704197
-16 1.50059e-05 0.0438389 0.045696 0.00661577
-15.8 1.71193e-05 0.0446554 0.0455371 0.00618833
-15.6 1.953e-05 0.0454844 0.0453716 0.00575968
-15.4 2.22799e-05 0.0463261 0.0451991 0.0053299
-15.2 2.54167e-05 0.0471805 0.0450197 0.00489903
-15 2.89946e-05 0.0480477 0.044833 0.00446716
-14.8 3.30757e-05 0.0489275 0.0446389 0.00403434
-14.6 3.77307e-05 0.0498201 0.0444373 0.00360065
-14.4 4.304e-05 0.0507254 0.0442279 0.00316616
-14.2 4.90956e-05 0.0516434 0.0440105 0.00273096
-14 5.60021e-05 0.052574 0.0437851 0.00229512
-13.8 6.3879e-05 0.0535172 0.0435512 0.00185874
-13.6 7.28624e-05 0.0544728 0.0433088 0.00142191
-13.4 8.31075e-05 0.0554408 0.0430576 0.00098472
-13.2 9.47911e-05 0.056421 0.0427974 0.000547281
-13 0.000108115 0.0574133 0.0425279 0.000109698
-12.8 0.000123308 0.0584174 0.0422489 -0.000327914
-12.6 0.000140634 0.0594332 0.0419603 -0.000765437
-12.4 0.000160389 0.0604604 0.0416616 -0.00120274
-12.2 0.000182915 0.0614987 0.0413526 -0.00163969
-12 0.000208598 0.0625477 0.0410332 -0.00207615
-11.8 0.000237881 0.0636071 0.0407029 -0.00251197
-11.6 0.000271266 0.0646765 0.0403615 -0.00294698
-11.4 0.000309326 0.0657554 0.0400086 -0.00338103
-11.2 0.000352715 0.0668433 0.0396441 -0.00381392
-11 0.000402175 0.0679396 0.0392675 -0.00424548
-10.8 0.000458554 0.0690436 0.0388785 -0.0046755
-10.6 0.000522816 0.0701546 0.0384767 -0.00510377
-10.4 0.000596058 0.071272 0.0380618 -0.00553007
-10.2 0.000679531 0.0723946 0.0376335 -0.00595415
-10 0.000774658 0.0735218 0.0371913 -0.00637576
-9.8 0.000883058 0.0746523 0.0367348 -0.00679463
-9.6 0.00100658 0.075785 0.0362636 -0.00721047
-9.4 0.00114731 0.0769187 0.0357773 -0.00762296
-9.2 0.00130764 0.0780519 0.0352754 -0.00803178
-9 0.00149028 0.0791832 0.0347575 -0.00843658
-8.8 0.00169832 0.0803108 0.034223 -0.00883697
-8.6 0.00193527 0.081433 0.0336715 -0.00923255
-8.4 0.00220511 0.0825478 0.0331025 -0.00962289
-8.2 0.00251237 0.0836529 0.0325153 -0.0100075
-8 0.00286221 0.0847459 0.0319095 -0.0103859
-7.8 0.00326046 0.0858242 0.0312845 -0.0107576
-7.6 0.00371376 0.0868849 0.0306396 -0.011122
-7.4 0.00422963 0.0879249 0.0299742 -0.0114784
-7.2 0.00481662 0.0889407 0.0292876 -0.0118262
-7 0.0054844 0.0899284 0.0285793 -0.0121646
-6.8 0.00624394 0.090884 0.0278484 -0.0124928
-6.6 0.00710764 0.0918028 0.0270943 -0.0128101
-6.4 0.00808957 0.0926797 0.0263162 -0.0131154
-6.2 0.00920561 0.0935092 0.0255134 -0.0134078
-6 0.0104737 0.0942853 0.0246849 -0.0136861
-5.8 0.011914 0.0950011 0.0238301 -0.0139492
-5.6 0.0135495 0.0956491 0.0229481 -0.0141957
-5.4 0.0154058 0.0962212 0.022038 -0.0144241
-5.2 0.0175116 0.0967083 0.0210989 -0.0146329
-5 0.0198995 0.0971001 0.02013 -0.0148204
-4.8 0.0226057 0.0973854 0.0191303 -0.0149845
-4.6 0.0256705 0.0975518 0.0180991 -0.0151232
-4.4 0.0291389 0.0975851 0.0170354 -0.0152341
-4.2 0.033061 0.0974699 0.0159385 -0.0153145
-4 0.0374917 0.0971886 0.0148075 -0.0153616
-3.8 0.0424914 0.0967216 0.0136419 -0.0153719
-3.6 0.0481259 0.0960467 0.0124411 -0.015342
-3.4 0.0544662 0.0951391 0.0112048 -0.0152675
-3.2 0.0615879 0.0939706 0.00993299 -0.0151439
-3 0.0695701 0.0925091 0.00862593 -0.0149659
-2.8 0.0784936 0.0907186 0.00728447 -0.0147275
-2.6 0.0884379 0.0885576 0.00591014 -0.0144219
-2.4 0.0994768 0.0859792 0.00450541 -0.0140416
-2.2 0.111671 0.0829302 0.00307408 -0.0135776
-2 0.125058 0.0793497 0.00162174 -0.0130202
-1.8 0.139637 0.0751696 0.000156438 -0.0123582
-1.6 0.155346 0.0703135 -0.00131034 -0.0115792
-1.4 0.172033 0.0646984 -0.0027624 -0.0106697
-1.2 0.189411 0.0582377 -0.00417717 -0.00961565
-1 0.207005 0.0508479 -0.00552352 -0.00840362
-0.8 0.224087 0.0424637 -0.00675946 -0.00702324
-0.6 0.239632 0.0330626 -0.00783062 -0.00547132
-0.4 0.252331 0.0227036 -0.00867156 -0.00375828
-0.2 0.260751 0.0115718 -0.00921359 -0.00191553
0 0.263714 -6.54716e-10 -0.00940136 9.66692e-07
0.2 0.260751 -0.0115718 -0.00921319 0.00191742
0.4 0.252331 -0.0227036 -0.00867078 0.00376007
0.6 0.239632 -0.0330626 -0.00782949 0.00547293
0.8 0.224087 -0.0424637 -0.00675801 0.00702463
1 0.207005 -0.0508479 -0.00552179 0.00840476
1.2 0.189411 -0.0582377 -0.00417519 0.00961651
1.4 0.172033 -0.0646984 -0.0027602 0.0106703
1.6 0.155346 -0.0703135 -0.00130795 0.0115795
1.8 0.139637 -0.0751696 0.000158987 0.0123582
2 0.125058 -0.0793497 0.00162442 0.0130199
2.2 0.111671 -0.0829302 0.00307688 0.013577
2.4 0.0994768 -0.0859792 0.00450831 0.0140406
2.6 0.0884379 -0.0885576 0.00591311 0.0144207
2.8 0.0784936 -0.0907186 0.00728751 0.014726
3 0.0695701 -0.0925091 0.00862902 0.0149641
3.2 0.0615879 -0.0939706 0.00993611 0.0151418
3.4 0.0544662 -0.0951391 0.011208 0.0152652
3.6 0.0481259 -0.0960467 0.0124443 0.0153394
3.8 0.0424914 -0.0967216 0.0136451 0.0153691
4 0.0374917 -0.0971886 0.0148107 0.0153585
4.2 0.033061 -0.0974699 0.0159416 0.0153112
4.4 0.0291389 -0.0975851 0.0170386 0.0152306
4.6 0.0256705 -0.0975518 0.0181022 0.0151195
4.8 0.0226057 -0.0973854 0.0191334 0.0149806
5 0.0198995 -0.0971001 0.020133 0.0148162
5.2 0.0175116 -0.0967083 0.0211019 0.0146286
5.4 0.0154058 -0.0962212 0.022041 0.0144196
5.6 0.0135495 -0.0956491 0.022951 0.014191
5.8 0.011914 -0.0950011 0.023833 0.0139443
6 0.0104737 -0.0942853 0.0246878 0.0136811
6.2 0.00920561 -0.0935092 0.0255161 0.0134026
6.4 0.00808957 -0.0926797 0.0263189 0.01311
6.6 0.00710764 -0.0918028 0.027097 0.0128045
6.8 0.00624394 -0.090884 0.027851 0.0124871
7 0.0054844 -0.0899284 0.0285818 0.0121587
7.2 0.00481662 -0.0889407 0.0292901 0.0118201
7.4 0.00422963 -0.0879249 0.0299765 0.0114722
7.6 0.00371376 -0.0868849 0.0306418 0.0111157
7.8 0.00326046 -0.0858242 0.0312867 0.0107512
8 0.00286221 -0.0847459 0.0319117 0.0103794
8.2 0.00251237 -0.0836528 0.0325174 0.0100008
8.4 0.00220511 -0.0825478 0.0331045 0.00961608
8.6 0.00193527 -0.081433 0.0336734 0.00922563
8.8 0.00169832 -0.0803108 0.0342249 0.00882993
9 0.00149028 -0.0791832 0.0347592 0.00842943
9.2 0.00130764 -0.0780519 0.0352771 0.00802453
9.4 0.00114731 -0.0769187 0.0357789 0.0076156
9.6 0.00100658 -0.075785 0.0362651 0.00720301
9.8 0.000883058 -0.0746523 0.0367362 0.00678708
10 0.000774658 -0.0735218 0.0371926 0.00636812
10.2 0.000679531 -0.0723946 0.0376347 0.00594641
10.4 0.000596058 -0.0712719 0.038063 0.00552224
10.6 0.000522816 -0.0701546 0.0384778 0.00509586
10.8 0.000458554 -0.0690436 0.0388794 0.00466751
11 0.000402175 -0.0679396 0.0392683 0.0042374
11.2 0.000352715 -0.0668433 0.0396449 0.00380577
11.4 0.000309326 -0.0657554 0.0400093 0.0033728
11.6 0.000271266 -0.0646765 0.0403621 0.00293868
11.8 0.000237881 -0.0636071 0.0407034 0.0025036
12 0.000208598 -0.0625477 0.0410336 0.00206772
12.2 0.000182915 -0.0614987 0.041353 0.00163119
12.4 0.000160389 -0.0604604 0.0416618 0.00119417
12.6 0.000140634 -0.0594332 0.0419604 0.000756808
12.8 0.000123308 -0.0584174 0.042249 0.000319227
13 0.000108115 -0.0574133 0.0425279 -0.000118443
13.2 9.47911e-05 -0.056421 0.0427973 -0.000556081
13.4 8.31075e-05 -0.0554408 0.0430574 -0.000993574
13.6 7.28624e-05 -0.0544728 0.0433085 -0.00143081
13.8 6.3879e-05 -0.0535172 0.0435508 -0.00186769
14 5.60021e-05 -0.052574 0.0437846 -0.00230412
14.2 4.90956e-05 -0.0516434 0.04401 -0.00274001
14.4 4.304e-05 -0.0507254 0.0442273 -0.00317525
14.6 3.77307e-05 -0.0498201 0.0444366 -0.00360978
14.8 3.30757e-05 -0.0489275 0.0446381 -0.00404351
15 2.89946e-05 -0.0480477 0.0448321 -0.00447637
15.2 2.54167e-05 -0.0471805 0.0450187 -0.00490829
15.4 2.22799e-05 -0.0463261 0.0451981 -0.00533919
15.6 1.953e-05 -0.0454844 0.0453704 -0.00576901
15.8 1.71193e-05 -0.0446554 0.0455359 -0.00619769
16 1.50059e-05 -0.0438389 0.0456946 -0.00662517
16.2 1.31532e-05 -0.0430351 0.0458468 -0.00705139
16.4 1.15292e-05 -0.0422436 0.0459926 -0.0074763
16.6 1.01055e-05 -0.0414647 0.0461322 -0.00789985
16.8 8.85758e-06 -0.040698 0.0462656 -0.00832199
17 7.76364e-06 -0.0399436 0.0463931 -0.00874266
17.2 6.80474e-06 -0.0392013 0.0465147 -0.00916183
17.4 5.96421e-06 -0.0384711 0.0466307 -0.00957946
17.6 5.22745e-06 -0.0377528 0.046741 -0.00999549
17.8 4.58166e-06 -0.0370463 0.046846 -0.0104099
18 4.01561e-06 -0.0363515 0.0469456 -0.0108226
18.2 3.51946e-06 -0.0356684 0.04704 -0.0112337
18.4 3.08459e-06 -0.0349967 0.0471293 -0.011643
18.6 2.70343e-06 -0.0343363 0.0472136 -0.0120505
18.8 2.36934e-06 -0.0336872 0.0472931 -0.0124562
19 2.07653e-06 -0.0330491 0.0473678 -0.0128602
19.2 1.81989e-06 -0.032422 0.0474378 -0.0132622
19.4 1.59495e-06 -0.0318058 0.0475033 -0.0136623
19.6 1.39781e-06 -0.0312002 0.0475644 -0.0140606
19.8 1.22503e-06 -0.0306051 0.047621 -0.0144569
20 1.07359e-06 -0.0300205 0.0476735 -0.0148512
20.2 9.40872e-07 -0.0294462 0.0477217 -0.0152436
20.4 8.24554e-07 -0.0288819 0.0477659 -0.0156339
20.6 7.22611e-07 -0.0283277 0.047806 -0.0160222
20.8 6.33268e-07 -0.0277834 0.0478423 -0.0164084
21 5.54968e-07 -0.0272487 0.0478747 -0.0167926
21.2 4.86347e-07 -0.0267236 0.0479034 -0.0171747
21.4 4.26208e-07 -0.026208 0.0479284 -0.0175546
21.6 3.73504e-07 -0.0257017 0.0479498 -0.0179325
21.8 3.27315e-07 -0.0252045 0.0479677 -0.0183082
22 2.86837e-07 -0.0247163 0.0479821 -0.0186817
22.2 2.51363e-07 -0.0242371 0.0479932 -0.019053
22.4 2.20276e-07 -0.0237666 0.048001 -0.0194222
22.6 1.93032e-07 -0.0233047 0.0480055 -0.0197891
22.8 1.69157e-07 -0.0228512 0.0480069 -0.0201539
23 1.48235e-07 -0.0224061 0.0480052 -0.0205163
23.2 1.299e-07 -0.0219693 0.0480004 -0.0208766
23.4 1.13832e-07 -0.0215405 0.0479927 -0.0212345
23.6 9.97515e-08 -0.0211197 0.0479821 -0.0215902
23.8 8.74123e-08 -0.0207066 0.0479686 -0.0219437
24 7.65993e-08 -0.0203013 0.0479523 -0.0222948
24.2 6.71237e-08 -0.0199035 0.0479333 -0.0226436
24.4 5.88201e-08 -0.0195132 0.0479115 -0.0229901
24.6 5.15436e-08 -0.0191302 0.0478872 -0.0233342
24.8 4.51672e-08 -0.0187544 0.0478603 -0.0236761
25 3.95796e-08 -0.0183857 0.0478308 -0.0240155
25.2 3.46832e-08 -0.0180239 0.0477989 -0.0243527
25.4 3.03925e-08 -0.0176689 0.0477646 -0.0246874
25.6 2.66326e-08 -0.0173207 0.0477279 -0.0250198
25.8 2.33378e-08 -0.016979 0.0476889 -0.0253498
26 2.04507e-08 -0.0166439 0.0476475 -0.0256774
26.2 1.79208e-08 -0.0163151 0.047604 -0.0260027
26.4 1.57039e-08 -0.0159926 0.0475583 -0.0263255
26.6 1.37613e-08 -0.0156762 0.0475104 -0.0266459
26.8 1.20591e-08 -0.0153659 0.0474604 -0.0269639
27 1.05674e-08 -0.0150615 0.0474084 -0.0272795
27.2 9.26037e-09 -0.0147629 0.0473543 -0.0275926
27.4 8.11505e-09 -0.0144701 0.0472983 -0.0279034
27.6 7.11145e-09 -0.0141829 0.0472403 -0.0282116
27.8 6.23205e-09 -0.0139012 0.0471804 -0.0285175
28 5.46146e-09 -0.0136249 0.0471187 -0.0288209
28.2 4.78624e-09 -0.013354 0.0470551 -0.0291218
28.4 4.19458e-09 -0.0130883 0.0469898 -0.0294203
28.6 3.67614e-09 -0.0128277 0.0469226 -0.0297163
28.8 3.22185e-09 -0.0125722 0.0468538 -0.0300099
29 2.82379e-09 -0.0123216 0.0467833 -0.0303009
29.2 2.475e-09 -0.0120759 0.0467111 -0.0305895
29.4 2.16937e-09 -0.011835 0.0466374 -0.0308757
29.6 1.90157e-09 -0.0115987 0.046562 -0.0311593
29.8 1.66691e-09 -0.0113671 0.0464851 -0.0314405
30 1.46129e-09 -0.0111399 0.0464066 -0.0317191
30.2 1.28113e-09 -0.0109172 0.0463267 -0.0319953
30.4 1.12326e-09 -0.0106989 0.0462453 -0.032269
30.6 9.84933e-10 -0.0104848 0.0461625 -0.0325402
30.8 8.63727e-10 -0.0102748 0.0460782 -0.0328089
31 7.57523e-10 -0.010069 0.0459926 -0.033075
31.2 6.64464e-10 -0.00986726 0.0459056 -0.0333387
31.4 5.82923e-10 -0.00966944 0.0458173 -0.0335999
31.6 5.11475e-10 -0.0094755 0.0457277 -0.0338585
31.8 4.48871e-10 -0.00928537 0.0456369 -0.0341147
32 3.94015e-10 -0.00909898 0.0455448 -0.0343683
32.2 3.4595e-10 -0.00891625 0.0454514 -0.0346194
32.4 3.03833e-10 -0.00873713 0.0453569 -0.034868
32.6 2.66929e-10 -0.00856153 0.0452612 -0.0351141
32.8 2.34593e-10 -0.00838939 0.0451644 -0.0353576
33 2.06258e-10 -0.00822065 0.0450664 -0.0355987
33.2 1.81431e-10 -0.00805524 0.0449673 -0.0358372
33.4 1.59676e-10 -0.0078931 0.0448671 -0.0360732
33.6 1.40613e-10 -0.00773416 0.0447659 -0.0363066
33.8 1.2391e-10 -0.00757837 0.0446637 -0.0365376
34 1.09273e-10 -0.00742566 0.0445604 -0.036766
34.2 9.64473e-11 -0.00727598 0.0444561 -0.0369919
34.4 8.52086e-11 -0.00712927 0.0443509 -0.0372152
34.6 7.53602e-11 -0.00698546 0.0442447 -0.0374361
34.8 6.67301e-11 -0.00684451 0.0441375 -0.0376543
35 5.91675e-11 -0.00670636 0.0440295 -0.0378701
35.2 5.25402e-11 -0.00657096 0.0439205 -0.0380833
35.4 4.67324e-11 -0.00643824 0.0438107 -0.0382941
35.6 4.16426e-11 -0.00630817 0.0437 -0.0385022
35.8 3.7182e-11 -0.00618069 0.0435884 -0.0387079
36 3.32727e-11 -0.00605574 0.0434761 -0.038911
36.2 2.98464e-11 -0.00593329 0.0433629 -0.0391116
36.4 2.68433e-11 -0.00581327 0.0432489 -0.0393096
36.6 2.42111e-11 -0.00569565 0.0431342 -0.0395052
36.8 2.19037e-11 -0.00558038 0.0430187 -0.0396982
37 1.98811e-11 -0.00546741 0.0429024 -0.0398886
37.2 1.81079e-11 -0.00535669 0.0427854 -0.0400766
37.4 1.65533e-11 -0.00524819 0.0426677 -0.040262
37.6 1.51902e-11 -0.00514186 0.0425493 -0.0404449
37.8 1.3995e-11 -0.00503765 0.0424303 -0.0406252
38 1.29468e-11 -0.00493553 0.0423105 -0.0408031
38.2 1.20274e-11 -0.00483546 0.0421901 -0.0409784
38.4 1.12209e-11 -0.00473739 0.0420691 -0.0411512
38.6 1.05134e-11 -0.00464129 0.0419474 -0.0413215
38.8 9.89252e-12 -0.00454711 0.0418251 -0.0414892
39 9.34763e-12 -0.00445482 0.0417023 -0.0416544
39.2 8.86931e-12 -0.00436438 0.0415788 -0.0418171
39.4 8.44932e-12 -0.00427576 0.0414547 -0.0419773
39.6 8.08046e-12 -0.00418892 0.0413301 -0.042135
39.8 7.75639e-12 -0.00410382 0.041205 -0.0422902
40 7.47159e-12 -0.00402043 0.0410793 -0.0424428
40.2 7.2212e-12 -0.00393872 0.0409531 -0.042593
40.4 7.00096e-12 -0.00385866 0.0408264 -0.0427406
40.6 6.80716e-12 -0.0037802 0.0406991 -0.0428857
40.8 6.63654e-12 -0.00370332 0.0405714 -0.0430283
41 6.48622e-12 -0.00362799 0.0404432 -0.0431685
41.2 6.35372e-12 -0.00355418 0.0403146 -0.0433061
41.4 6.23682e-12 -0.00348186 0.0401855 -0.0434412
41.6 6.13361e-12 -0.00341099 0.0400559 -0.0435738
41.8 6.04241e-12 -0.00334155 0.0399259 -0.0437039
42 5.96173e-12 -0.00327351 0.0397955 -0.0438315
42.2 5.89029e-12 -0.00320685 0.0396646 -0.0439567
42.4 5.82695e-12 -0.00314153 0.0395334 -0.0440793
42.6 5.77071e-12 -0.00307752 0.0394017 -0.0441995
42.8 5.72071e-12 -0.00301482 0.0392697 -0.0443171
43 5.67618e-12 -0.00295337 0.0391373 -0.0444323
43.2 5.63646e-12 -0.00289317 0.0390045 -0.044545
43.4 5.60095e-12 -0.00283419 0.0388714 -0.0446553
43.6 5.56915e-12 -0.00277639 0.0387379 -0.044763
43.8 5.54061e-12 -0.00271977 0.0386041 -0.0448683
44 5.51493e-12 -0.00266429 0.0384699 -0.0449711
44.2 5.49177e-12 -0.00260994 0.0383354 -0.0450715
44.4 5.47082e-12 -0.00255668 0.0382006 -0.0451694
44.6 5.45182e-12 -0.00250451 0.0380655 -0.0452648
44.8 5.43454e-12 -0.00245339 0.0379301 -0.0453578
45 5.41877e-12 -0.0024033 0.0377944 -0.0454483
45.2 5.40433e-12 -0.00235423 0.0376584 -0.0455364
45.4 5.39106e-12 -0.00230615 0.0375221 -0.045622
45.6 5.37884e-12 -0.00225905 0.0373856 -0.0457052
45.8 5.36753e-12 -0.00221291 0.0372488 -0.0457859
46 5.35704e-12 -0.0021677 0.0371117 -0.0458642
46.2 5.34726e-12 -0.0021234 0.0369744 -0.0459401
46.4 5.33812e-12 -0.00208001 0.0368369 -0.0460135
46.6 5.32955e-12 -0.00203749 0.0366991 -0.0460845
46.8 5.32148e-12 -0.00199584 0.0365611 -0.0461531
47 5.31386e-12 -0.00195504 0.0364229 -0.0462193
47.2 5.30664e-12 -0.00191506 0.0362845 -0.0462831
47.4 5.29977e-12 -0.0018759 0.0361458 -0.0463444
47.6 5.29323e-12 -0.00183753 0.036007 -0.0464033
47.8 5.28697e-12 -0.00179994 0.0358679 -0.0464598
48 5.28097e-12 -0.00176311 0.0357287 -0.046514
48.2 5.27519e-12 -0.00172704 0.0355893 -0.0465657
48.4 5.26963e-12 -0.00169169 0.0354497 -0.046615
48.6 5.26426e-12 -0.00165707 0.0353099 -0.046662
48.8 5.25906e-12 -0.00162315 0.03517 -0.0467065
49 5.25401e-12 -0.00158992 0.0350299 -0.0467487
49.2 5.24911e-12 -0.00155737 0.0348897 -0.0467885
49.4 5.24433e-12 -0.00152547 0.0347493 -0.0468259
49.6 5.23967e-12 -0.00149423 0.0346087 -0.046861
49.8 5.23513e-12 -0.00146363 0.034468 -0.0468937
50 5.23068e-12 -0.00143365 0.0343272 -0.046924
50.2 5.22632e-12 -0.00140427 0.0341863 -0.046952
50.4 5.22205e-12 -0.0013755 0.0340452 -0.0469777
50.6 5.21786e-12 -0.00134731 0.033904 -0.047001
50.8 5.21375e-12 -0.0013197 0.0337627 -0.0470219
51 5.2097e-12 -0.00129265 0.0336213 -0.0470405
51.2 5.20571e-12 -0.00126615 0.0334797 -0.0470568
51.4 5.20179e-12 -0.0012402 0.0333381 -0.0470708
51.6 5.19792e-12 -0.00121477 0.0331964 -0.0470824
51.8 5.1941e-12 -0.00118986 0.0330546 -0.0470917
52 5.19033e-12 -0.00116545 0.0329127 -0.0470987
52.2 5.18661e-12 -0.00114155 0.0327707 -0.0471034
52.4 5.18293e-12 -0.00111813 0.0326286 -0.0471058
52.6 5.1793e-12 -0.0010952 0.0324865 -0.047106
52.8 5.1757e-12 -0.00107273 0.0323442 -0.0471038
53 5.17213e-12 -0.00105072 0.0322019 -0.0470993
53.2 5.1686e-12 -0.00102915 0.0320596 -0.0470926
53.4 5.16511e-12 -0.00100803 0.0319172 -0.0470835
53.6 5.16164e-12 -0.000987342 0.0317747 -0.0470722
53.8 5.1582e-12 -0.000967074 0.0316322 -0.0470587
54 5.15479e-12 -0.000947221 0.0314896 -0.0470429
54.2 5.1514e-12 -0.000927773 0.031347 -0.0470248
54.4 5.14804e-12 -0.000908723 0.0312043 -0.0470045
54.6 5.1447e-12 -0.000890062 0.0310616 -0.0469819
54.8 5.14137e-12 -0.000871782 0.0309188 -0.0469571
55 5.13807e-12 -0.000853876 0.0307761 -0.0469301
55.2 5.13479e-12 -0.000836336 0.0306332 -0.0469008
55.4 5.13152e-12 -0.000819155 0.0304904 -0.0468694
55.6 5.12827e-12 -0.000802325 0.0303475 -0.0468357
55.8 5.12503e-12 -0.00078584 0.0302046 -0.0467998
56 5.12181e-12 -0.000769692 0.0300617 -0.0467617
56.2 5.11859e-12 -0.000753874 0.0299188 -0.0467214
56.4 5.11539e-12 -0.000738379 0.0297759 -0.046679
56.6 5.1122e-12 -0.000723202 0.0296329 -0.0466343
56.8 5.10902e-12 -0.000708336 0.02949 -0.0465875
57 5.10585e-12 -0.000693773 0.029347 -0.0465385
57.2 5.10268e-12 -0.000679509 0.0292041 -0.0464873
57.4 5.09952e-12 -0.000665537 0.0290611 -0.046434
57.6 5.09637e-12 -0.000651851 0.0289181 -0.0463785
57.8 5.09322e-12 -0.000638445 0.0287752 -0.0463209
58 5.09008e-12 -0.000625314 0.0286322 -0.0462612
58.2 5.08694e-12 -0.000612451 0.0284893 -0.0461993
58.4 5.08381e-12 -0.000599852 0.0283464 -0.0461353
58.6 5.08068e-12 -0.000587511 0.0282034 -0.0460692
58.8 5.07756e-12 -0.000575423 0.0280605 -0.0460009
59 5.07443e-12 -0.000563583 0.0279177 -0.0459306
59.2 5.07131e-12 -0.000551985 0.0277748 -0.0458582
59.4 5.0682e-12 -0.000540625 0.027632 -0.0457836
59.6 5.06508e-12 -0.000529498 0.0274891 -0.045707
59.8 5.06197e-12 -0.000518598 0.0273464 -0.0456283
60 5.05886e-12 -0.000507923 0.0272036 -0.0455476
60.2 5.05575e-12 -0.000497466 0.0270609 -0.0454648
60.4 5.05265e-12 -0.000487223 0.0269182 -0.0453799
60.6 5.04955e-12 -0.00047719 0.0267755 -0.045293
60.8 5.04645e-12 -0.000467363 0.0266329 -0.045204
61 5.04335e-12 -0.000457738 0.0264903 -0.045113
61.2 5.04026e-12 -0.00044831 0.0263477 -0.04502
61.4 5.03717e-12 -0.000439075 0.0262052 -0.0449249
61.6 5.03408e-12 -0.00043003 0.0260627 -0.0448279
61.8 5.031e-12 -0.00042117 0.0259203 -0.0447288
62 5.02792e-12 -0.000412492 0.0257779 -0.0446277
62.2 5.02485e-12 -0.000403992 0.0256356 -0.0445247
62.4 5.02179e-12 -0.000395667 0.0254933 -0.0444197
62.6 5.01873e-12 -0.000387512 0.0253511 -0.0443127
62.8 5.01568e-12 -0.000379525 0.0252089 -0.0442037
63 5.01264e-12 -0.000371701 0.0250668 -0.0440928
63.2 5.00961e-12 -0.000364038 0.0249247 -0.0439799
63.4 5.00658e-12 -0.000356532 0.0247827 -0.043865
63.6 5.00357e-12 -0.00034918 0.0246407 -0.0437483
63.8 5.00057e-12 -0.00034198 0.0244988 -0.0436296
64 4.99758e-12 -0.000334926 0.0243569 -0.043509
64.2 4.9946e-12 -0.000328018 0.0242151 -0.0433865
64.4 4.99164e-12 -0.000321252 0.0240734 -0.043262
64.6 4.98869e-12 -0.000314624 0.0239317 -0.0431357
64.8 4.98576e-12 -0.000308132 0.0237901 -0.0430075
65 4.98284e-12 -0.000301774 0.0236486 -0.0428774
65.2 4.97994e-12 -0.000295546 0.0235071 -0.0427455
65.4 4.97706e-12 -0.000289446 0.0233657 -0.0426116
65.6 4.9742e-12 -0.000283471 0.0232243 -0.042476
65.8 4.97135e-12 -0.000277619 0.023083 -0.0423384
66 4.96853e-12 -0.000271887 0.0229418 -0.0421991
66.2 4.96573e-12 -0.000266273 0.0228007 -0.0420579
66.4 4.96295e-12 -0.000260774 0.0226596 -0.0419149
66.6 4.96019e-12 -0.000255388 0.0225186 -0.04177
66.8 4.95745e-12 -0.000250112 0.0223777 -0.0416234
67 4.95474e-12 -0.000244945 0.0222368 -0.041475
67.2 4.95206e-12 -0.000239884 0.0220961 -0.0413248
67.4 4.94939e-12 -0.000234926 0.0219554 -0.0411728
67.6 4.94676e-12 -0.000230071 0.0218147 -0.041019
67.8 4.94415e-12 -0.000225315 0.0216742 -0.0408635
68 4.94156e-12 -0.000220657 0.0215337 -0.0407062
68.2 4.939e-12 -0.000216094 0.0213933 -0.0405472
68.4 4.93647e-12 -0.000211625 0.021253 -0.0403865
68.6 4.93396e-12 -0.000207248 0.0211127 -0.040224
68.8 4.93148e-12 -0.00020296 0.0209725 -0.0400598
69 4.92902e-12 -0.000198761 0.0208324 -0.0398939
69.2 4.92659e-12 -0.000194647 0.0206924 -0.0397263
69.4 4.92419e-12 -0.000190619 0.0205525 -0.039557
69.6 4.92181e-12 -0.000186672 0.0204127 -0.039386
69.8 4.91945e-12 -0.000182807 0.0202729 -0.0392134
70 4.91712e-12 -0.000179021 0.0201332 -0.0390391
70.2 4.91481e-12 -0.000175313 0.0199936 -0.0388631
70.4 4.91252e-12 -0.000171681 0.0198541 -0.0386855
70.6 4.91025e-12 -0.000168123 0.0197146 -0.0385063
70.8 4.908e-12 -0.000164638 0.0195752 -0.0383254
71 4.90577e-12 -0.000161225 0.019436 -0.0381429
71.2 4.90356e-12 -0.000157882 0.0192968 -0.0379589
71.4 4.90136e-12 -0.000154607 0.0191577 -0.0377732
71.6 4.89917e-12 -0.000151399 0.0190186 -0.0375859
71.8 4.897e-12 -0.000148257 0.0188797 -0.0373971
72 4.89483e-12 -0.000145179 0.0187408 -0.0372067
72.2 4.89267e-12 -0.000142165 0.0186021 -0.0370147
72.4 4.89051e-12 -0.000139212 0.0184634 -0.0368212
72.6 4.88835e-12 -0.00013632 0.0183248 -0.0366261
72.8 4.88619e-12 -0.000133487 0.0181862 -0.0364295
73 4.88403e-12 -0.000130712 0.0180478 -0.0362314
73.2 4.88186e-12 -0.000127993 0.0179094 -0.0360318
73.4 4.87967e-12 -0.000125331 0.0177712 -0.0358307
73.6 4.87747e-12 -0.000122722 0.017633 -0.0356281
73.8 4.87525e-12 -0.000120167 0.0174949 -0.035424
74 4.87301e-12 -0.000117665 0.0173569 -0.0352184
74.2 4.87074e-12 -0.000115213 0.017219 -0.0350114
74.4 4.86844e-12 -0.000112812 0.0170811 -0.0348029
74.6 4.8661e-12 -0.000110459 0.0169434 -0.034593
74.8 4.86371e-12 -0.000108155 0.0168057 -0.0343816
75 4.86128e-12 -0.000105898 0.0166681 -0.0341689
75.2 4.8588e-12 -0.000103686 0.0165306 -0.0339547
75.4 4.85626e-12 -0.00010152 0.0163932 -0.0337391
75.6 4.85365e-12 -9.9398e-05 0.0162558 -0.0335221
75.8 4.85097e-12 -9.73192e-05 0.0161186 -0.0333038
76 4.84821e-12 -9.52827e-05 0.0159814 -0.0330841
76.2 4.84537e-12 -9.32877e-05 0.0158444 -0.032863
76.4 4.84243e-12 -9.13332e-05 0.0157074 -0.0326406
76.6 4.83939e-12 -8.94185e-05 0.0155705 -0.0324168
76.8 4.83625e-12 -8.75427e-05 0.0154336 -0.0321917
77 4.83299e-12 -8.5705e-05 0.0152969 -0.0319653
77.2 4.82961e-12 -8.39046e-05 0.0151602 -0.0317376
77.4 4.82609e-12 -8.21408e-05 0.0150237 -0.0315085
77.6 4.82243e-12 -8.04127e-05 0.0148872 -0.0312782
77.8 4.81862e-12 -7.87196e-05 0.0147508 -0.0310466
78 4.81464e-12 -7.70607e-05 0.0146144 -0.0308138
78.2 4.81049e-12 -7.54354e-05 0.0144782 -0.0305797
78.4 4.80616e-12 -7.3843e-05 0.014342 -0.0303443
78.6 4.80164e-12 -7.22827e-05 0.0142059 -0.0301077
78.8 4.79691e-12 -7.07539e-05 0.0140699 -0.0298699
79 4.79197e-12 -6.92559e-05 0.013934 -0.0296309
79.2 4.78679e-12 -6.77881e-05 0.0137982 -0.0293907
79.4 4.78138e-12 -6.63498e-05 0.0136624 -0.0291493
79.6 4.7757e-12 -6.49404e-05 0.0135268 -0.0289067
79.8 4.76976e-12 -6.35594e-05 0.0133912 -0.0286629
80 4.76354e-12 -6.22059e-05 0.0132556 -0.028418
80.2 4.75703e-12 -6.08797e-05 0.0131202 -0.0281719
80.4 4.7502e-12 -5.95799e-05 0.0129849 -0.0279247
80.6 4.74305e-12 -5.83061e-05 0.0128496 -0.0276763
80.8 4.73555e-12 -5.70577e-05 0.0127144 -0.0274268
81 4.7277e-12 -5.58342e-05 0.0125792 -0.0271763
81.2 4.71947e-12 -5.4635e-05 0.0124442 -0.0269246
81.4 4.71086e-12 -5.34596e-05 0.0123092 -0.0266719
81.6 4.70183e-12 -5.23076e-05 0.0121743 -0.0264181
81.8 4.69238e-12 -5.11783e-05 0.0120395 -0.0261632
82 4.68249e-12 -5.00713e-05 0.0119048 -0.0259072
82.2 4.67214e-12 -4.89862e-05 0.0117701 -0.0256503
82.4 4.66131e-12 -4.79225e-05 0.0116355 -0.0253923
82.6 4.64997e-12 -4.68796e-05 0.011501 -0.0251333
82.8 4.63812e-12 -4.58572e-05 0.0113665 -0.0248732
83 4.62573e-12 -4.48548e-05 0.0112321 -0.0246122
83.2 4.61278e-12 -4.3872e-05 0.0110978 -0.0243502
83.4 4.59925e-12 -4.29083e-05 0.0109636 -0.0240872
83.6 4.58512e-12 -4.19633e-05 0.0108294 -0.0238233
83.8 4.57037e-12 -4.10366e-05 0.0106953 -0.0235584
84 4.55498e-12 -4.01278e-05 0.0105613 -0.0232926
84.2 4.53891e-12 -3.92365e-05 0.0104274 -0.0230258
84.4 4.52217e-12 -3.83624e-05 0.0102935 -0.0227582
84.6 4.50471e-12 -3.7505e-05 0.0101597 -0.0224896
84.8 4.48652e-12 -3.66639e-05 0.0100259 -0.0222201
85 4.46758e-12 -3.58389e-05 0.00989222 -0.0219498
85.2 4.44786e-12 -3.50295e-05 0.00975861 -0.0216785
85.4 4.42734e-12 -3.42354e-05 0.00962505 -0.0214065
85.6 4.40599e-12 -3.34562e-05 0.00949157 -0.0211335
85.8 4.38381e-12 -3.26916e-05 0.00935814 -0.0208597
86 4.36075e-12 -3.19413e-05 0.00922478 -0.0205852
86.2 4.33681e-12 -3.1205e-05 0.00909148 -0.0203097
86.4 4.31195e-12 -3.04823e-05 0.00895825 -0.0200335
86.6 4.28615e-12 -2.97729e-05 0.00882507 -0.0197565
86.8 4.2594e-12 -2.90764e-05 0.00869196 -0.0194787
87 4.23167e-12 -2.83927e-05 0.0085589 -0.0192002
87.2 4.20294e-12 -2.77214e-05 0.00842591 -0.0189208
87.4 4.17318e-12 -2.70622e-05 0.00829297 -0.0186408
87.6 4.14238e-12 -2.64148e-05 0.0081601 -0.01836
87.8 4.11052e-12 -2.5779e-05 0.00802727 -0.0180785
88 4.07758e-12 -2.51544e-05 0.00789451 -0.0177962
88.2 4.04352e-12 -2.45407e-05 0.0077618 -0.0175133
88.4 4.00835e-12 -2.39379e-05 0.00762915 -0.0172297
88.6 3.97204e-12 -2.33454e-05 0.00749655 -0.0169454
88.8 3.93457e-12 -2.27632e-05 0.007364 -0.0166604
89 3.89592e-12 -2.21909e-05 0.00723151 -0.0163748
89.2 3.85608e-12 -2.16283e-05 0.00709906 -0.0160885
89.4 3.81504e-12 -2.10752e-05 0.00696667 -0.0158016
89.6 3.77277e-12 -2.05313e-05 0.00683433 -0.0155141
89.8 3.72927e-12 -1.99963e-05 0.00670204 -0.015226
90 3.68453e-12 -1.94701e-05 0.0065698 -0.0149373
90.2 3.63853e-12 -1.89524e-05 0.0064376 -0.014648
90.4 3.59126e-12 -1.84429e-05 0.00630545 -0.0143581
90.6 3.54272e-12 -1.79416e-05 0.00617335 -0.0140677
90.8 3.49289e-12 -1.74481e-05 0.00604129 -0.0137767
91 3.44178e-12 -1.69622e-05 0.00590928 -0.0134852
91.2 3.38937e-12 -1.64837e-05 0.00577731 -0.0131931
91.4 3.33566e-12 -1.60124e-05 0.00564538 -0.0129006
91.6 3.28065e-12 -1.55481e-05 0.0055135 -0.0126075
91.8 3.22434e-12 -1.50907e-05 0.00538166 -0.012314
92 3.16673e-12 -1.46398e-05 0.00524985 -0.0120199
92.2 3.10782e-12 -1.41953e-05 0.00511809 -0.0117254
92.4 3.04762e-12 -1.3757e-05 0.00498636 -0.0114305
92.6 2.98613e-12 -1.33248e-05 0.00485468 -0.0111351
92.8 2.92335e-12 -1.28984e-05 0.00472302 -0.0108392
93 2.8593e-12 -1.24776e-05 0.00459141 -0.010543
93.2 2.79399e-12 -1.20623e-05 0.00445983 -0.0102463
93.4 2.72743e-12 -1.16522e-05 0.00432828 -0.00994926
93.6 2.65963e-12 -1.12473e-05 0.00419677 -0.00965181
93.8 2.5906e-12 -1.08472e-05 0.00406528 -0.00935399
94 2.52037e-12 -1.04519e-05 0.00393383 -0.00905581
94.2 2.44895e-12 -1.00612e-05 0.00380241 -0.00875728
94.4 2.37637e-12 -9.67489e-06 0.00367102 -0.00845841
94.6 2.30263e-12 -9.29281e-06 0.00353966 -0.00815921
94.8 2.22778e-12 -8.91479e-06 0.00340832 -0.00785969
95 2.15183e-12 -8.54067e-06 0.00327702 -0.00755987
95.2 2.07481e-12 -8.17029e-06 0.00314573 -0.00725976
95.4 1.99675e-12 -7.80349e-06 0.00301447 -0.00695938
95.6 1.91767e-12 -7.4401e-06 0.00288324 -0.00665872
95.8 1.83762e-12 -7.07996e-06 0.00275203 -0.0063578
96 1.75662e-12 -6.72293e-06 0.00262083 -0.00605664
96.2 1.67471e-12 -6.36883e-06 0.00248966 -0.00575525
96.4 1.59192e-12 -6.01753e-06 0.00235851 -0.00545363
96.6 1.50829e-12 -5.66885e-06 0.00222738 -0.00515181
96.8 1.42386e-12 -5.32266e-06 0.00209627 -0.00484979
97 1.33867e-12 -4.9788e-06 0.00196517 -0.00454758
97.2 1.25276e-12 -4.63712e-06 0.00183409 -0.00424519
97.4 1.16618e-12 -4.29746e-06 0.00170302 -0.00394264
97.6 1.07896e-12 -3.95969e-06 0.00157196 -0.00363995
97.8 9.91151e-13 -3.62366e-06 0.00144092 -0.00333711
98 9.02802e-13 -3.2892e-06 0.00130989 -0.00303414
98.2 8.13956e-13 -2.95619e-06 0.00117887 -0.00273106
98.4 7.2466e-13 -2.62448e-06 0.00104786 -0.00242787
98.6 6.34963e-13 -2.29391e-06 0.000916861 -0.00212459
98.8 5.44913e-13 -1.96434e-06 0.000785867 -0.00182123
99 4.5456e-13 -1.63564e-06 0.00065488 -0.0015178
99.2 3.63954e-13 -1.30765e-06 0.000523897 -0.00121431
99.4 2.73144e-13 -9.8024e-07 0.000392919 -0.000910771
99.6 1.82181e-13 -6.53255e-07 0.000261944 -0.0006072
99.8 9.1116e-14 -3.26556e-07 0.000130972 -0.000303606
