0.1 0.995332 0.995332 1 -0.0900639 -0.0900639 0 
0.2 0.982627 0.982627 1 -0.161001 -0.161001 0 
0.3 0.963701 0.963701 1 -0.214945 -0.214945 0 
0.4 0.940097 0.940097 1 -0.255158 -0.255158 0 
0.5 0.912993 0.912993 1 -0.285682 -0.285682 0 
0.6 0.883137 0.883137 1 -0.310925 -0.310925 0 
0.7 0.850839 0.850839 1 -0.33522 -0.33522 0 
0.8 0.815996 0.815996 1 -0.362405 -0.362405 0 
0.9 0.778161 0.778161 1 -0.395443 -0.395443 0 
1 0.73665 0.73665 1 -0.436142 -0.436142 0 
1.1 0.69066 0.69066 1 -0.484972 -0.484972 0 
1.2 0.639413 0.639413 1 -0.541019 -0.541019 0 
1.3 0.582288 0.582288 1 -0.602063 -0.602063 0 
1.4 0.518943 0.518943 1 -0.664783 -0.664783 0 
1.5 0.449412 0.449412 1 -0.725064 -0.725064 0 
1.6 0.374163 0.374163 1 -0.778378 -0.778378 0 
1.7 0.294119 0.294119 1 -0.820219 -0.820219 0 
1.8 0.210638 0.210638 1 -0.846524 -0.846524 0 
1.9 0.125442 0.125442 1 -0.854073 -0.854073 0 
2 0.0405192 0.0405192 1 -0.840809 -0.840809 0 
2.1 -0.0420018 -0.0420018 1 -0.80606 -0.80606 0 
2.2 -0.120002 -0.120002 1 -0.750643 -0.750643 0 
2.3 -0.191515 -0.191515 1 -0.676831 -0.676831 0 
2.4 -0.254872 -0.254872 1 -0.588197 -0.588197 0 
2.5 -0.308813 -0.308813 1 -0.48934 -0.48934 0 
2.6 -0.352574 -0.352574 1 -0.385523 -0.385523 0 
2.7 -0.385935 -0.385935 1 -0.282248 -0.282248 0 
2.8 -0.409219 -0.409219 1 -0.184809 -0.184809 0 
2.9 -0.423249 -0.423249 1 -0.0978721 -0.0978721 0 
3 -0.429267 -0.429267 1 -0.0250955 -0.0250955 0 
3.1 -0.428821 -0.428821 1 0.0311486 0.0311486 0 
3.2 -0.423622 -0.423622 1 0.069947 0.069947 0 
3.3 -0.415396 -0.415396 1 0.0918872 0.0918872 0 
3.4 -0.405741 -0.405741 1 0.0989683 0.0989683 0 
3.5 -0.395993 -0.395993 1 0.0943884 0.0943884 0 
3.6 -0.387117 -0.387117 1 0.082228 0.082228 0 
3.7 -0.379648 -0.379648 1 0.0670575 0.0670575 0 
3.8 -0.373652 -0.373652 1 0.0535037 0.0535037 0 
3.9 -0.36875 -0.36875 1 0.0458156 0.0458156 0 
4 -0.364176 -0.364176 1 0.0474661 0.0474661 0 
4.1 -0.358865 -0.358865 1 0.0608272 0.0608272 0 
4.2 -0.351583 -0.351583 1 0.0869466 0.0869466 0 
4.3 -0.341061 -0.341061 1 0.125446 0.125446 0 
4.4 -0.326138 -0.326138 1 0.174548 0.174548 0 
4.5 -0.305897 -0.305897 1 0.231237 0.231237 0 
4.6 -0.27977 -0.27977 1 0.291525 0.291525 0 
4.7 -0.247625 -0.247625 1 0.350814 0.350814 0 
4.8 -0.2098 -0.2098 1 0.404314 0.404314 0 
4.9 -0.167107 -0.167107 1 0.447477 0.447477 0 
5 -0.12078 -0.12078 1 0.476417 0.476417 0 
5.1 -0.0723955 -0.0723955 1 0.488267 0.488267 0 
5.2 -0.0237514 -0.0237514 1 0.481454 0.481454 0 
5.3 0.0232669 0.0232669 1 0.455855 0.455855 0 
5.4 0.0668363 0.0668363 1 0.412822 0.412822 0 
5.5 0.105339 0.105339 1 0.355084 0.355084 0 
5.6 0.137491 0.137491 1 0.286523 0.286523 0 
5.7 0.162439 0.162439 1 0.211845 0.211845 0 
5.8 0.179827 0.179827 1 0.136182 0.136182 0 
5.9 0.189814 0.189814 1 0.0646553 0.0646553 0 
6 0.193053 0.193053 1 0.00193603 0.00193603 0 
6.1 0.190624 0.190624 1 -0.0481487 -0.0481487 0 
6.2 0.183935 0.183935 1 -0.0829388 -0.0829388 0 
6.3 0.174591 0.174591 1 -0.101159 -0.101159 0 
6.4 0.164251 0.164251 1 -0.103015 -0.103015 0 
6.5 0.15448 0.15448 1 -0.0901545 -0.0901545 0 
6.6 0.146614 0.146614 1 -0.0655067 -0.0655067 0 
6.7 0.141642 0.141642 1 -0.0330026 -0.0330026 0 
6.8 0.140124 0.140124 1 0.00278991 0.00278991 0 
6.9 0.14215 0.14215 1 0.0370867 0.0370867 0 
7 0.147339 0.147339 1 0.0653271 0.0653271 0 
7.1 0.154881 0.154881 1 0.0835911 0.0835911 0 
7.2 0.163625 0.163625 1 0.0889581 0.0889581 0 
7.3 0.172186 0.172186 1 0.0797758 0.0797758 0 
7.4 0.179085 0.179085 1 0.0558127 0.0558127 0 
7.5 0.182894 0.182894 1 0.0182838 0.0182838 0 
7.6 0.182373 0.182373 1 -0.0302555 -0.0302555 0 
7.7 0.176597 0.176597 1 -0.086136 -0.086136 0 
7.8 0.165049 0.165049 1 -0.144902 -0.144902 0 
7.9 0.147682 0.147682 1 -0.201712 -0.201712 0 
8 0.124933 0.124933 1 -0.25177 -0.25177 0 
8.1 0.0976979 0.0976979 1 -0.290762 -0.290762 0 
8.2 0.0672655 0.0672655 1 -0.315243 -0.315243 0 
8.3 0.0352106 0.0352106 1 -0.322949 -0.322949 0 
8.4 0.00326613 0.00326613 1 -0.313009 -0.313009 0 
8.5 -0.0268211 -0.0268211 1 -0.286028 -0.286028 0 
8.6 -0.0534373 -0.0534373 1 -0.24404 -0.24404 0 
8.7 -0.0752369 -0.0752369 1 -0.190334 -0.190334 0 
8.8 -0.0912546 -0.0912546 1 -0.129173 -0.129173 0 
8.9 -0.100985 -0.100985 1 -0.0654159 -0.0654159 0 
9 -0.104419 -0.104419 1 -0.0040976 -0.0040976 0 
9.1 -0.102045 -0.102045 1 0.050014 0.050014 0 
9.2 -0.0947944 -0.0947944 1 0.0928338 0.0928338 0 
9.3 -0.0839583 -0.0839583 1 0.121315 0.121315 0 
9.4 -0.0710696 -0.0710696 1 0.133714 0.133714 0 
9.5 -0.0577637 -0.0577637 1 0.129734 0.129734 0 
9.6 -0.0456319 -0.0456319 1 0.110546 0.110546 0 
9.7 -0.0360791 -0.0360791 1 0.0786746 0.0786746 0 
9.8 -0.0301996 -0.0301996 1 0.0377657 0.0377657 0 
9.9 -0.0286802 -0.0286802 1 -0.00774715 -0.00774715 0 
10 -0.0317419 -0.0317419 1 -0.0530453 -0.0530453 0 
10.1 -0.0391226 -0.0391226 1 -0.0933613 -0.0933613 0 
10.2 -0.050104 -0.050104 1 -0.12441 -0.12441 0 
10.3 -0.0635802 -0.0635802 1 -0.142777 -0.142777 0 
10.4 -0.0781602 -0.0781602 1 -0.146227 -0.146227 0 
10.5 -0.0922977 -0.0922977 1 -0.133907 -0.133907 0 
10.6 -0.104434 -0.104434 1 -0.106425 -0.106425 0 
10.7 -0.113143 -0.113143 1 -0.0658012 -0.0658012 0 
10.8 -0.117263 -0.117263 1 -0.0152836 -0.0152836 0 
10.9 -0.116008 -0.116008 1 0.0409372 0.0409372 0 
11 -0.109044 -0.109044 1 0.0981032 0.0981032 0 
11.1 -0.0965199 -0.0965199 1 0.151314 0.151314 0 
11.2 -0.079067 -0.079067 1 0.195967 0.195967 0 
11.3 -0.0577432 -0.0577432 1 0.228166 0.228166 0 
11.4 -0.0339455 -0.0339455 1 0.245075 0.245075 0 
11.5 -0.00929069 -0.00929069 1 0.245173 0.245173 0 
11.6 0.0145242 0.0145242 1 0.22839 0.22839 0 
11.7 0.0358689 0.0358689 1 0.196118 0.196118 0 
11.8 0.0533209 0.0533209 1 0.151092 0.151092 0 
11.9 0.0657887 0.0657887 1 0.0971453 0.0971453 0 
12 0.0726051 0.0726051 1 0.0388727 0.0388727 0 
12.1 0.073584 0.073584 1 -0.0187755 -0.0187755 0 
12.2 0.0690337 0.0690337 1 -0.0709325 -0.0709325 0 
12.3 0.0597269 0.0597269 1 -0.113245 -0.113245 0 
12.4 0.0468297 0.0468297 1 -0.14226 -0.14226 0 
12.5 0.0317954 0.0317954 1 -0.155724 -0.155724 0 
12.6 0.0162337 0.0162337 1 -0.152788 -0.152788 0 
12.7 0.00176597 0.00176597 1 -0.134072 -0.134072 0 
12.8 -0.0101205 -0.0101205 1 -0.101609 -0.101609 0 
12.9 -0.0182049 -0.0182049 1 -0.0586624 -0.0586624 0 
13 -0.0216423 -0.0216423 1 -0.00942484 -0.00942484 0 
13.1 -0.0200381 -0.0200381 1 0.0413547 0.0413547 0 
13.2 -0.0134828 -0.0134828 1 0.0888 0.0888 0 
13.3 -0.00254242 -0.00254242 1 0.128346 0.128346 0 
13.4 0.0117934 0.0117934 1 0.156148 0.156148 0 
13.5 0.0282012 0.0282012 1 0.16943 0.16943 0 
13.6 0.0451445 0.0451445 1 0.166731 0.166731 0 
13.7 0.0610121 0.0610121 1 0.14804 0.14804 0 
13.8 0.0742654 0.0742654 1 0.114798 0.114798 0 
13.9 0.0835772 0.0835772 1 0.0697695 0.0697695 0 
14 0.0879532 0.0879532 1 0.0167963 0.0167963 0 
14.1 0.0868236 0.0868236 1 -0.0395441 -0.0395441 0 
14.2 0.0800957 0.0800957 1 -0.0943479 -0.0943479 0 
14.3 0.0681657 0.0681657 1 -0.142823 -0.142823 0 
14.4 0.0518852 0.0518852 1 -0.180716 -0.180716 0 
14.5 0.032488 0.032488 1 -0.204695 -0.204695 0 
14.6 0.0114824 0.0114824 1 -0.212648 -0.212648 0 
14.7 -0.0094815 -0.0094815 1 -0.203867 -0.203867 0 
14.8 -0.0287566 -0.0287566 1 -0.179121 -0.179121 0 
14.9 -0.0448439 -0.0448439 1 -0.140581 -0.140581 0 
15 -0.0565243 -0.0565243 1 -0.0916316 -0.0916316 0 
15.1 -0.0629656 -0.0629656 1 -0.03657 -0.03657 0 
15.2 -0.0637951 -0.0637951 1 0.0197782 0.0197782 0 
15.3 -0.0591316 -0.0591316 1 0.0724871 0.0724871 0 
15.4 -0.049573 -0.049573 1 0.116969 0.116969 0 
15.5 -0.0361417 -0.0361417 1 0.149381 0.149381 0 
15.6 -0.0201927 -0.0201927 1 0.16697 0.16697 0 
15.7 -0.00329133 -0.00329133 1 0.168314 0.168314 0 
15.8 0.0129274 0.0129274 1 0.153445 0.153445 0 
15.9 0.0269047 0.0269047 1 0.123851 0.123851 0 
16 0.0372984 0.0372984 1 0.0823349 0.0823349 0 
16.1 0.0431021 0.0431021 1 0.0327672 0.0327672 0 
16.2 0.0437358 0.0437358 1 -0.0202649 -0.0202649 0 
16.3 0.0390969 0.0390969 1 -0.0718669 -0.0718669 0 
16.4 0.0295695 0.0295695 1 -0.117276 -0.117276 0 
16.5 0.0159896 0.0159896 1 -0.152288 -0.152288 0 
16.6 -0.000430674 -0.000430674 1 -0.173633 -0.173633 0 
16.7 -0.0182114 -0.0182114 1 -0.179271 -0.179271 0 
16.8 -0.0357381 -0.0357381 1 -0.168572 -0.168572 0 
16.9 -0.0514071 -0.0514071 1 -0.142377 -0.142377 0 
17 -0.0637694 -0.0637694 1 -0.102917 -0.102917 0 
17.1 -0.0716613 -0.0716613 1 -0.0536229 -0.0536229 0 
17.2 -0.0743093 -0.0743093 1 0.00118785 0.00118785 0 
17.3 -0.0714003 -0.0714003 1 0.0566928 0.0566928 0 
17.4 -0.0631112 -0.0631112 1 0.107996 0.107996 0 
17.5 -0.0500933 -0.0500933 1 0.150566 0.150566 0 
17.6 -0.0334161 -0.0334161 1 0.18064 0.18064 0 
17.7 -0.0144725 -0.0144725 1 0.195558 0.195558 0 
17.8 0.00514444 0.00514444 1 0.194007 0.194007 0 
17.9 0.0237827 0.0237827 1 0.176132 0.176132 0 
18 0.0398777 0.0398777 1 0.143525 0.143525 0 
18.1 0.0520916 0.0520916 1 0.099087 0.099087 0 
18.2 0.0594312 0.0594312 1 0.046765 0.046765 0 
18.3 0.061336 0.061336 1 -0.00879738 -0.00879738 0 
18.4 0.057728 0.057728 1 -0.0626749 -0.0626749 0 
18.5 0.0490169 0.0490169 1 -0.1101 -0.1101 0 
18.6 0.036064 0.036064 1 -0.146887 -0.146887 0 
18.7 0.0201037 0.0201037 1 -0.169806 -0.169806 0 
18.8 0.00263341 0.00263341 1 -0.176871 -0.176871 0 
18.9 -0.0147209 -0.0147209 1 -0.167515 -0.167515 0 
19 -0.0303502 -0.0303502 1 -0.142642 -0.142642 0 
19.1 -0.0428065 -0.0428065 1 -0.104543 -0.104543 0 
19.2 -0.0509323 -0.0509323 1 -0.0566923 -0.0566923 0 
19.3 -0.0539639 -0.0539639 1 -0.00343563 -0.00343563 0 
19.4 -0.0516 -0.0516 1 0.0503983 0.0503983 0 
19.5 -0.0440281 -0.0440281 1 0.0999302 0.0999302 0 
19.6 -0.0319082 -0.0319082 1 0.140666 0.140666 0 
19.7 -0.0163131 -0.0163131 1 0.168901 0.168901 0 
19.8 0.00136716 0.00136716 1 0.182049 0.182049 0 
19.9 0.0195503 0.0195503 1 0.178873 0.178873 0 
20 0.0366029 0.0366029 1 0.159599 0.159599 0 
20.1 0.0509871 0.0509871 1 0.125897 0.125897 0 
20.2 0.0613984 0.0613984 1 0.0807265 0.0807265 0 
20.3 0.0668821 0.0668821 1 0.0280785 0.0280785 0 
20.4 0.0669197 0.0669197 1 -0.0273842 -0.0273842 0 
20.5 0.0614755 0.0614755 1 -0.0807424 -0.0807424 0 
20.6 0.0510001 0.0510001 1 -0.12726 -0.12726 0 
20.7 0.0363907 0.0363907 1 -0.162806 -0.162806 0 
20.8 0.0189116 0.0189116 1 -0.184225 -0.184225 0 
20.9 8.1938e-05 8.1938e-05 1 -0.189619 -0.189619 0 
21 -0.0184601 -0.0184601 1 -0.178516 -0.178516 0 
21.1 -0.0351025 -0.0351025 1 -0.151913 -0.151913 0 
21.2 -0.0484034 -0.0484034 1 -0.112186 -0.112186 0 
21.3 -0.0572191 -0.0572191 1 -0.0628809 -0.0628809 0 
21.4 -0.060806 -0.060806 1 -0.00839329 -0.00839329 0 
21.5 -0.0588867 -0.0588867 1 0.0464213 0.0464213 0 
21.6 -0.051674 -0.051674 1 0.0966818 0.0966818 0 
21.7 -0.0398522 -0.0398522 1 0.137917 0.137917 0 
21.8 -0.0245151 -0.0245151 1 0.166466 0.166466 0 
21.9 -0.00706822 -0.00706822 1 0.179801 0.179801 0 
22 0.0108969 0.0108969 1 0.176758 0.176758 0 
22.1 0.0277452 0.0277452 1 0.157637 0.157637 0 
22.2 0.0419442 0.0419442 1 0.124175 0.124175 0 
22.3 0.0522012 0.0522012 1 0.0793915 0.0793915 0 
22.4 0.0575785 0.0575785 1 0.0273187 0.0273187 0 
22.5 0.0575776 0.0575776 1 -0.0273604 -0.0273604 0 
22.6 0.0521836 0.0521836 1 -0.0797297 -0.0797297 0 
22.7 0.0418664 0.0418664 1 -0.12508 -0.12508 0 
22.8 0.027539 0.027539 1 -0.159329 -0.159329 0 
22.9 0.0104756 0.0104756 1 -0.179387 -0.179387 0 
23 -0.00780245 -0.00780245 1 -0.183433 -0.183433 0 
23.1 -0.0256621 -0.0256621 1 -0.171079 -0.171079 0 
23.2 -0.0415053 -0.0415053 1 -0.1434 -0.1434 0 
23.3 -0.0539112 -0.0539112 1 -0.102847 -0.102847 0 
23.4 -0.061764 -0.061764 1 -0.0530165 -0.0530165 0 
23.5 -0.0643522 -0.0643522 1 0.00165914 0.00165914 0 
23.6 -0.0614327 -0.0614327 1 0.0563152 0.0563152 0 
23.7 -0.0532525 -0.0532525 1 0.106086 0.106086 0 
23.8 -0.0405272 -0.0405272 1 0.14654 0.14654 0 
23.9 -0.0243769 -0.0243769 1 0.174075 0.174075 0 
24 -0.00622652 -0.00622652 1 0.186242 0.186242 0 
24.1 0.0123211 0.0123211 1 0.181962 0.181962 0 
24.2 0.0296283 0.0296283 1 0.161621 0.161621 0 
24.3 0.0441687 0.0441687 1 0.127041 0.127041 0 
24.4 0.0546633 0.0546633 1 0.0813115 0.0813115 0 
24.5 0.0601944 0.0601944 1 0.0285162 0.0285162 0 
24.6 0.0602876 0.0602876 1 -0.0266314 -0.0266314 0 
24.7 0.054954 0.054954 1 -0.0792097 -0.0792097 0 
24.8 0.0446886 0.0446886 1 -0.124528 -0.124528 0 
24.9 0.0304264 0.0304264 1 -0.158546 -0.158546 0 
25 0.0134588 0.0134588 1 -0.178234 -0.178234 0 
25.1 -0.00468235 -0.00468235 1 -0.181844 -0.181844 0 
25.2 -0.0223614 -0.0223614 1 -0.169064 -0.169064 0 
25.3 -0.0379851 -0.0379851 1 -0.141047 -0.141047 0 
25.4 -0.050145 -0.050145 1 -0.10031 -0.10031 0 
25.5 -0.0577435 -0.0577435 1 -0.0505051 -0.0505051 0 
25.6 -0.0600918 -0.0600918 1 0.00390565 0.00390565 0 
25.7 -0.0569713 -0.0569713 1 0.0580476 0.0580476 0 
25.8 -0.0486535 -0.0486535 1 0.10707 0.10707 0 
25.9 -0.0358755 -0.0358755 1 0.146581 0.146581 0 
26 -0.0197742 -0.0197742 1 0.173035 0.173035 0 
26.1 -0.00178483 -0.00178483 1 0.184058 0.184058 0 
26.2 0.0164875 0.0164875 1 0.17865 0.17865 0 
26.3 0.033411 0.033411 1 0.157283 0.157283 0 
26.4 0.0474733 0.0474733 1 0.121852 0.121852 0 
26.5 0.0574162 0.0574162 1 0.0755125 0.0755125 0 
26.6 0.0623487 0.0623487 1 0.0223923 0.0223923 0 
26.7 0.0618261 0.0618261 1 -0.032773 -0.032773 0 
26.8 0.0558902 0.0558902 1 -0.0850643 -0.0850643 0 
26.9 0.0450654 0.0450654 1 -0.129818 -0.129818 0 
27 0.0303122 0.0303122 1 -0.163044 -0.163044 0 
27.1 0.0129414 0.0129414 1 -0.18178 -0.18178 0 
27.2 -0.00550295 -0.00550295 1 -0.184356 -0.184356 0 
27.3 -0.0233814 -0.0233814 1 -0.170547 -0.170547 0 
27.4 -0.0391054 -0.0391054 1 -0.141589 -0.141589 0 
27.5 -0.0512788 -0.0512788 1 -0.100071 -0.100071 0 
27.6 -0.0588232 -0.0588232 1 -0.0497012 -0.0497012 0 
27.7 -0.0610733 -0.0610733 1 0.00501985 0.00501985 0 
27.8 -0.057837 -0.057837 1 0.0592052 0.0592052 0 
27.9 -0.049412 -0.049412 1 0.108016 0.108016 0 
28 -0.0365593 -0.0365593 1 0.147096 0.147096 0 
28.1 -0.0204352 -0.0204352 1 0.172955 0.172955 0 
28.2 -0.00248789 -0.00248789 1 0.183289 0.183289 0 
28.3 0.0156721 0.0156721 1 0.177178 0.177178 0 
28.4 0.0324156 0.0324156 1 0.155173 0.155173 0 
28.5 0.0462406 0.0462406 1 0.119244 0.119244 0 
28.6 0.055906 0.055906 1 0.072608 0.072608 0 
28.7 0.0605433 0.0605433 1 0.0194352 0.0194352 0 
28.8 0.0597333 0.0597333 1 -0.0355183 -0.0355183 0 
28.9 0.0535444 0.0535444 1 -0.0873374 -0.0873374 0 
29 0.0425258 0.0425258 1 -0.131387 -0.131387 0 
29.1 0.0276588 0.0276588 1 -0.163726 -0.163726 0 
29.2 0.0102693 0.0102693 1 -0.18146 -0.18146 0 
29.3 -0.00809109 -0.00809109 1 -0.182997 -0.182997 0 
29.4 -0.0257833 -0.0257833 1 -0.168196 -0.168196 0 
29.5 -0.0412275 -0.0412275 1 -0.138372 -0.138372 0 
29.6 -0.0530439 -0.0530439 1 -0.0961844 -0.0961844 0 
29.7 -0.0601764 -0.0601764 1 -0.0453959 -0.0453959 0 
29.8 -0.0619868 -0.0619868 1 0.00946124 0.00946124 0 
29.9 -0.0583117 -0.0583117 1 0.0634913 0.0634913 0 
30 -0.0494775 -0.0494775 1 0.111872 0.111872 0 
30.1 -0.0362708 -0.0362708 1 0.150285 0.150285 0 
30.2 -0.0198687 -0.0198687 1 0.175303 0.175303 0 
30.3 -0.00173318 -0.00173318 1 0.184693 0.184693 0 
30.4 0.0165189 0.0165189 1 0.177619 0.177619 0 
30.5 0.0332608 0.0332608 1 0.154715 0.154715 0 
30.6 0.0470006 0.0470006 1 0.118028 0.118028 0 
30.7 0.0565148 0.0565148 1 0.0708368 0.0708368 0 
30.8 0.0609574 0.0609574 1 0.0173567 0.0173567 0 
30.9 0.0599355 0.0599355 1 -0.0376347 -0.0376347 0 
31 0.0535442 0.0535442 1 -0.0892253 -0.0892253 0 
31.1 0.0423583 0.0423583 1 -0.132807 -0.132807 0 
31.2 0.0273809 0.0273809 1 -0.164488 -0.164488 0 
31.3 0.00995353 0.00995353 1 -0.18144 -0.18144 0 
31.4 -0.00836355 -0.00836355 1 -0.18215 -0.18215 0 
31.5 -0.0259307 -0.0259307 1 -0.166555 -0.166555 0 
31.6 -0.0411756 -0.0411756 1 -0.136052 -0.136052 0 
31.7 -0.0527334 -0.0527334 1 -0.0933675 -0.0933675 0 
31.8 -0.059569 -0.059569 1 -0.0423163 -0.0423163 0 
31.9 -0.0610692 -0.0610692 1 0.0125386 0.0125386 0 
32 -0.0570979 -0.0570979 1 0.0662945 0.0662945 0 
32.1 -0.0480078 -0.0480078 1 0.114147 0.114147 0 
32.2 -0.0346092 -0.0346092 1 0.151818 0.151818 0 
32.3 -0.0180975 -0.0180975 1 0.175941 0.175941 0 
32.4 5.33445e-05 5.33445e-05 1 0.184357 0.184357 0 
32.5 0.018223 0.018223 1 0.176313 0.176313 0 
32.6 0.0347889 0.0347889 1 0.152523 0.152523 0 
32.7 0.0482716 0.0482716 1 0.115111 0.115111 0 
32.8 0.0574668 0.0574668 1 0.0674161 0.0674161 0 
32.9 0.061553 0.061553 1 0.0136961 0.0136961 0 
33 0.0601648 0.0601648 1 -0.0412524 -0.0412524 0 
33.1 0.0534255 0.0534255 1 -0.0925232 -0.0925232 0 
33.2 0.0419364 0.0419364 1 -0.135538 -0.135538 0 
33.3 0.0267226 0.0267226 1 -0.166457 -0.166457 0 
33.4 0.00914221 0.00914221 1 -0.182518 -0.182518 0 
33.5 -0.00923583 -0.00923583 1 -0.18229 -0.18229 0 
33.6 -0.0267712 -0.0267712 1 -0.165793 -0.165793 0 
33.7 -0.0418991 -0.0418991 1 -0.134501 -0.134501 0 
33.8 -0.0532698 -0.0532698 1 -0.0912116 -0.0912116 0 
33.9 -0.0598692 -0.0598692 1 -0.0397912 -0.0397912 0 
34 -0.0611096 -0.0611096 1 0.0151663 0.0151663 0 
34.1 -0.0568818 -0.0568818 1 0.0687516 0.0687516 0 
34.2 -0.0475652 -0.0475652 1 0.116178 0.116178 0 
34.3 -0.0339939 -0.0339939 1 0.15321 0.15321 0 
34.4 -0.0173818 -0.0173818 1 0.176539 0.176539 0 
34.5 0.000785525 0.000785525 1 0.184082 0.184082 0 
34.6 0.0188836 0.0188836 1 0.175165 0.175165 0 
34.7 0.0352943 0.0352943 1 0.150587 0.150587 0 
34.8 0.0485503 0.0485503 1 0.112543 0.112543 0 
34.9 0.0574659 0.0574659 1 0.0644328 0.0644328 0 
35 0.0612437 0.0612437 1 0.0105549 0.0105549 0 
35.1 0.0595449 0.0595449 1 -0.0442769 -0.0442769 0 
35.2 0.0525202 0.0525202 1 -0.0951634 -0.0951634 0 
35.3 0.0407963 0.0407963 1 -0.137558 -0.137558 0 
35.4 0.0254195 0.0254195 1 -0.167672 -0.167672 0 
35.5 0.00776282 0.00776282 1 -0.182815 -0.182815 0 
35.6 -0.0105971 -0.0105971 1 -0.181633 -0.181633 0 
35.7 -0.0280208 -0.0280208 1 -0.164229 -0.164229 0 
35.8 -0.042952 -0.042952 1 -0.132158 -0.132158 0 
35.9 -0.0540573 -0.0540573 1 -0.0882832 -0.0882832 0 
36 -0.0603446 -0.0603446 1 -0.0365225 -0.0365225 0 
36.1 -0.0612524 -0.0612524 1 0.0185016 0.0185016 0 
36.2 -0.0566994 -0.0566994 1 0.0718748 0.0718748 0 
36.3 -0.0470921 -0.0470921 1 0.11883 0.11883 0 
36.4 -0.0332884 -0.0332884 1 0.155175 0.155175 0 
36.5 -0.0165209 -0.0165209 1 0.177663 0.177663 0 
36.6 0.00171317 0.00171317 1 0.184285 0.184285 0 
36.7 0.0197854 0.0197854 1 0.174452 0.174452 0 
36.8 0.0360822 0.0360822 1 0.149042 0.149042 0 
36.9 0.0491484 0.0491484 1 0.110325 0.110325 0 
37 0.0578176 0.0578176 1 0.0617605 0.0617605 0 
37.1 0.061316 0.061316 1 0.00768637 0.00768637 0 
37.2 0.059332 0.059332 1 -0.0470668 -0.0470668 0 
37.3 0.0520435 0.0520435 1 -0.0976079 -0.0976079 0 
37.4 0.0401024 0.0401024 1 -0.139422 -0.139422 0 
37.5 0.024576 0.024576 1 -0.168775 -0.168775 0 
37.6 0.00685219 0.00685219 1 -0.183043 -0.183043 0 
37.7 -0.0114852 -0.0114852 1 -0.180954 -0.180954 0 
37.8 -0.0287974 -0.0287974 1 -0.162694 -0.162694 0 
37.9 -0.0435372 -0.0435372 1 -0.129893 -0.129893 0 
38 -0.0543874 -0.0543874 1 -0.0854835 -0.0854835 0 
38.1 -0.0603781 -0.0603781 1 -0.0334318 -0.0334318 0 
38.2 -0.0609735 -0.0609735 1 0.021612 0.021612 0 
38.3 -0.05612 -0.05612 1 0.0747303 0.0747303 0 
38.4 -0.0462506 -0.0462506 1 0.121178 0.121178 0 
38.5 -0.0322465 -0.0322465 1 0.156805 0.156805 0 
38.6 -0.0153582 -0.0153582 1 0.178429 0.178429 0 
38.7 0.00290598 0.00290598 1 0.184117 0.184117 0 
38.8 0.0209148 0.0209148 1 0.173361 0.173361 0 
38.9 0.0370599 0.0370599 1 0.147121 0.147121 0 
39 0.0498992 0.0498992 1 0.107741 0.107741 0 
39.1 0.0582859 0.0582859 1 0.0587372 0.0587372 0 
39.2 0.061471 0.061471 1 0.00448705 0.00448705 0 
39.3 0.0591698 0.0591698 1 -0.0501641 -0.0501641 0 
39.4 0.051588 0.051588 1 -0.100335 -0.100335 0 
39.5 0.0394026 0.0394026 1 -0.141544 -0.141544 0 
39.6 0.0237022 0.0237022 1 -0.170111 -0.170111 0 
39.7 0.00588889 0.00588889 1 -0.183484 -0.183484 0 
39.8 -0.0124462 -0.0124462 1 -0.18047 -0.18047 0 
39.9 -0.0296655 -0.0296655 1 -0.161337 -0.161337 0 
40 -0.0442312 -0.0442312 1 -0.127794 -0.127794 0 
40.1 -0.0548424 -0.0548424 1 -0.0828399 -0.0828399 0 
40.2 -0.0605515 -0.0605515 1 -0.0304885 -0.0304885 0 
40.3 -0.0608489 -0.0608489 1 0.0245831 0.0245831 0 
40.4 -0.0557084 -0.0557084 1 0.0774553 0.0774553 0 
40.5 -0.0455894 -0.0455894 1 0.123405 0.123405 0 
40.6 -0.0313962 -0.0313962 1 0.158329 0.158329 0 
40.7 -0.0143971 -0.0143971 1 0.179105 0.179105 0 
40.8 0.00388925 0.00388925 1 0.18388 0.18388 0 
40.9 0.021829 0.021829 1 0.172225 0.172225 0 
41 0.0378193 0.0378193 1 0.145183 0.145183 0 
41.1 0.0504314 0.0504314 1 0.105169 0.105169 0 
41.2 0.0585385 0.0585385 1 0.0557582 0.0557582 0 
41.3 0.0614161 0.0614161 1 0.00136348 0.00136348 0 
41.4 0.0588069 0.0588069 1 -0.0531556 -0.0531556 0 
41.5 0.0509437 0.0509437 1 -0.102929 -0.102929 0 
41.6 0.0385287 0.0385287 1 -0.14351 -0.14351 0 
41.7 0.0226706 0.0226706 1 -0.171274 -0.171274 0 
41.8 0.0047859 0.0047859 1 -0.18374 -0.18374 0 
41.9 -0.013528 -0.013528 1 -0.179794 -0.179794 0 
42 -0.0306354 -0.0306354 1 -0.159789 -0.159789 0 
42.1 -0.0450082 -0.0450082 1 -0.125512 -0.125512 0 
42.2 -0.0553625 -0.0553625 1 -0.0800239 -0.0800239 0 
42.3 -0.0607736 -0.0607736 1 -0.0273879 -0.0273879 0 
42.4 -0.0607581 -0.0607581 1 0.0276944 0.0276944 0 
42.5 -0.0553174 -0.0553174 1 0.0803028 0.0803028 0 
42.6 -0.0449375 -0.0449375 1 0.125738 0.125738 0 
42.7 -0.0305456 -0.0305456 1 0.159942 0.159942 0 
42.8 -0.0134272 -0.0134272 1 0.179859 0.179859 0 
42.9 0.00488865 0.00488865 1 0.183711 0.183711 0 
43 0.0227659 0.0227659 1 0.171153 0.171153 0 
43.1 0.0386076 0.0386076 1 0.143308 0.143308 0 
43.2 0.050999 0.050999 1 0.102663 0.102663 0 
43.3 0.0588332 0.0588332 1 0.052848 0.052848 0 
43.4 0.0614105 0.0614105 1 -0.00168613 -0.00168613 0 
43.5 0.0585009 0.0585009 1 -0.0560682 -0.0560682 0 
43.6 0.0503644 0.0503644 1 -0.10544 -0.10544 0 
43.7 0.037728 0.037728 1 -0.145392 -0.145392 0 
43.8 0.0217206 0.0217206 1 -0.172356 -0.172356 0 
43.9 0.00377218 0.00377218 1 -0.183921 -0.183921 0 
44 -0.0145137 -0.0145137 1 -0.179056 -0.179056 0 
44.1 -0.0315036 -0.0315036 1 -0.158195 -0.158195 0 
44.2 -0.0456796 -0.0456796 1 -0.123201 -0.123201 0 
44.3 -0.0557754 -0.0557754 1 -0.0772008 -0.0772008 0 
44.4 -0.0608888 -0.0608888 1 -0.0243031 -0.0243031 0 
44.5 -0.0605631 -0.0605631 1 0.0307668 0.0307668 0 
44.6 -0.0548273 -0.0548273 1 0.0830896 0.0830896 0 
44.7 -0.0441935 -0.0441935 1 0.127991 0.127991 0 
44.8 -0.0296115 -0.0296115 1 0.161461 0.161461 0 
44.9 -0.0123839 -0.0123839 1 0.180509 0.180509 0 
45 0.00595061 0.00595061 1 0.183433 0.183433 0 
45.1 0.0237543 0.0237543 1 0.169972 0.169972 0 
45.2 0.0394369 0.0394369 1 0.141329 0.141329 0 
45.3 0.0515975 0.0515975 1 0.100062 0.100062 0 
45.4 0.05915 0.05915 1 0.0498569 0.0498569 0 
45.5 0.0614197 0.0614197 1 -0.00480147 -0.00480147 0 
45.6 0.058204 0.058204 1 -0.0590308 -0.0590308 0 
45.7 0.0497899 0.0497899 1 -0.107987 -0.107987 0 
45.8 0.0369293 0.0369293 1 -0.147297 -0.147297 0 
45.9 0.0207708 0.0207708 1 -0.17345 -0.17345 0 
46 0.00275785 0.00275785 1 -0.184109 -0.184109 0 
46.1 -0.0155006 -0.0155006 1 -0.178322 -0.178322 0 
46.2 -0.0323735 -0.0323735 1 -0.156607 -0.156607 0 
46.3 -0.0463537 -0.0463537 1 -0.120903 -0.120903 0 
46.4 -0.0561926 -0.0561926 1 -0.0743998 -0.0743998 0 
46.5 -0.0610112 -0.0610112 1 -0.021251 -0.021251 0 
46.6 -0.0603791 -0.0603791 1 0.0337954 0.0337954 0 
46.7 -0.054353 -0.054353 1 0.0858224 0.0858224 0 
46.8 -0.0434711 -0.0434711 1 0.130183 0.130183 0 
46.9 -0.0287056 -0.0287056 1 0.162913 0.162913 0 
47 -0.0113755 -0.0113755 1 0.181091 0.181091 0 
47.1 0.0069711 0.0069711 1 0.183091 0.183091 0 
47.2 0.0246953 0.0246953 1 0.168736 0.168736 0 
47.3 0.0402137 0.0402137 1 0.139307 0.139307 0 
47.4 0.0521402 0.0521402 1 0.0974342 0.0974342 0 
47.5 0.0594091 0.0594091 1 0.0468569 0.0468569 0 
47.6 0.0613713 0.0613713 1 -0.00790651 -0.00790651 0 
47.7 0.0578513 0.0578513 1 -0.0619643 -0.0619643 0 
47.8 0.0491636 0.0491636 1 -0.110487 -0.110487 0 
47.9 0.036084 0.036084 1 -0.149142 -0.149142 0 
48 0.019781 0.019781 1 -0.174474 -0.174474 0 
48.1 0.00171078 0.00171078 1 -0.184221 -0.184221 0 
48.2 -0.0165125 -0.0165125 1 -0.177513 -0.177513 0 
48.3 -0.0332612 -0.0332612 1 -0.154949 -0.154949 0 
48.4 -0.047039 -0.047039 1 -0.118543 -0.118543 0 
48.5 -0.0566153 -0.0566153 1 -0.0715492 -0.0715492 0 
48.6 -0.0611348 -0.0611348 1 -0.0181638 -0.0181638 0 
48.7 -0.0601937 -0.0601937 1 0.0368439 0.0368439 0 
48.8 -0.053876 -0.053876 1 0.0885604 0.0885604 0 
48.9 -0.0427462 -0.0427462 1 0.132366 0.132366 0 
49 -0.0277985 -0.0277985 1 0.164348 0.164348 0 
49.1 -0.010368 -0.010368 1 0.181649 0.181649 0 
49.2 0.00798825 0.00798825 1 0.182724 0.182724 0 
49.3 0.0256305 0.0256305 1 0.167477 0.167477 0 
49.4 0.0409829 0.0409829 1 0.13727 0.13727 0 
49.5 0.052674 0.052674 1 0.0948009 0.0948009 0 
49.6 0.0596595 0.0596595 1 0.043864 0.043864 0 
49.7 0.0613155 0.0613155 1 -0.0109909 -0.0109909 0 
49.8 0.0574941 0.0574941 1 -0.0648637 -0.0648637 0 
49.9 0.0485366 0.0485366 1 -0.112942 -0.112942 0 
50 0.0352432 0.0352432 1 -0.150932 -0.150932 0 
50.1 0.0188014 0.0188014 1 -0.175439 -0.175439 0 
50.2 0.000679943 0.000679943 1 -0.184274 -0.184274 0 
50.3 -0.0175024 -0.0175024 1 -0.176648 -0.176648 0 
50.4 -0.0341215 -0.0341215 1 -0.153242 -0.153242 0 
50.5 -0.0476927 -0.0476927 1 -0.116148 -0.116148 0 
50.6 -0.0570037 -0.0570037 1 -0.068678 -0.068678 0 
50.7 -0.0612228 -0.0612228 1 -0.015073 -0.015073 0 
50.8 -0.0599731 -0.0599731 1 0.0398787 0.0398787 0 
50.9 -0.0533662 -0.0533662 1 0.0912685 0.0912685 0 
51 -0.0419922 -0.0419922 1 0.134506 0.134506 0 
51.1 -0.0268671 -0.0268671 1 0.165728 0.165728 0 
51.2 -0.00934194 -0.00934194 1 0.182147 0.182147 0 
51.3 0.00901778 0.00901778 1 0.182295 0.182295 0 
51.4 0.0265721 0.0265721 1 0.16616 0.16616 0 
51.5 0.0417529 0.0417529 1 0.135182 0.135182 0 
51.6 0.0532042 0.0532042 1 0.0921287 0.0921287 0 
51.7 0.0599031 0.0599031 1 0.0408462 0.0408462 0 
51.8 0.0612512 0.0612512 1 -0.014085 -0.014085 0 
51.9 0.0571281 0.0571281 1 -0.0677579 -0.0677579 0 
52 0.0479021 0.0479021 1 -0.115378 -0.115378 0 
52.1 0.0343973 0.0343973 1 -0.152692 -0.152692 0 
52.2 0.0178201 0.0178201 1 -0.176366 -0.176366 0 
52.3 -0.000348727 -0.000348727 1 -0.184286 -0.184286 0 
52.4 -0.0184862 -0.0184862 1 -0.175745 -0.175745 0 
52.5 -0.0349722 -0.0349722 1 -0.151504 -0.151504 0 
52.6 -0.0483341 -0.0483341 1 -0.113731 -0.113731 0 
52.7 -0.0573782 -0.0573782 1 -0.0657976 -0.0657976 0 
52.8 -0.0612968 -0.0612968 1 -0.0119873 -0.0119873 0 
52.9 -0.0597397 -0.0597397 1 0.0428937 0.0428937 0 
53 -0.0528461 -0.0528461 1 0.093943 0.093943 0 
53.1 -0.0412318 -0.0412318 1 0.136601 0.136601 0 
53.2 -0.0259343 -0.0259343 1 0.167056 0.167056 0 
53.3 -0.00832005 -0.00832005 1 0.182588 0.182588 0 
53.4 0.0100375 0.0100375 1 0.181811 0.181811 0 
53.5 0.0274985 0.0274985 1 0.164792 0.164792 0 
53.6 0.0425033 0.0425033 1 0.133054 0.133054 0 
53.7 0.0537114 0.0537114 1 0.0894292 0.0894292 0 
53.8 0.0601216 0.0601216 1 0.0378163 0.0378163 0 
53.9 0.0611614 0.0611614 1 -0.0171748 -0.0171748 0 
54 0.0567379 0.0567379 1 -0.0706318 -0.0706318 0 
54.1 0.0472461 0.0472461 1 -0.11778 -0.11778 0 
54.2 0.033534 0.033534 1 -0.154407 -0.154407 0 
54.3 0.0168263 0.0168263 1 -0.177241 -0.177241 0 
54.4 -0.00138439 -0.00138439 1 -0.184243 -0.184243 0 
54.5 -0.0194715 -0.0194715 1 -0.174788 -0.174788 0 
54.6 -0.0358193 -0.0358193 1 -0.149719 -0.149719 0 
54.7 -0.0489675 -0.0489675 1 -0.111276 -0.111276 0 
54.8 -0.0577417 -0.0577417 1 -0.0628934 -0.0628934 0 
54.9 -0.0613581 -0.0613581 1 -0.00889277 -0.00889277 0 
55 -0.0594936 -0.0594936 1 0.0459022 0.0459022 0 
55.1 -0.0523147 -0.0523147 1 0.0965967 0.0965967 0 
55.2 -0.0404629 -0.0404629 1 0.138663 0.138663 0 
55.3 -0.0249967 -0.0249967 1 0.168342 0.168342 0 
55.4 -0.00729768 -0.00729768 1 0.182984 0.182984 0 
55.5 0.0110531 0.0110531 1 0.181281 0.181281 0 
55.6 0.0284165 0.0284165 1 0.163384 0.163384 0 
55.7 0.0432414 0.0432414 1 0.130893 0.130893 0 
55.8 0.0542036 0.0542036 1 0.0867093 0.0867093 0 
55.9 0.0603239 0.0603239 1 0.0347803 0.0347803 0 
56 0.0610556 0.0610556 1 -0.0202554 -0.0202554 0 
56.1 0.0563333 0.0563333 1 -0.0734818 -0.0734818 0 
56.2 0.0465788 0.0465788 1 -0.120144 -0.120144 0 
56.3 0.0326635 0.0326635 1 -0.156074 -0.156074 0 
56.4 0.0158305 0.0158305 1 -0.178063 -0.178063 0 
56.5 -0.00241675 -0.00241675 1 -0.184146 -0.184146 0 
56.6 -0.0204481 -0.0204481 1 -0.173779 -0.173779 0 
56.7 -0.036653 -0.036653 1 -0.147889 -0.147889 0 
56.8 -0.0495837 -0.0495837 1 -0.108789 -0.108789 0 
56.9 -0.0580854 -0.0580854 1 -0.0599706 -0.0599706 0 
57 -0.0613984 -0.0613984 1 -0.0057953 -0.0057953 0 
57.1 -0.059227 -0.059227 1 0.0488977 0.0488977 0 
57.2 -0.0517649 -0.0517649 1 0.0992228 0.0992228 0 
57.3 -0.0396789 -0.0396789 1 0.140685 0.140685 0 
57.4 -0.0240485 -0.0240485 1 0.16958 0.16958 0 
57.5 -0.00626988 -0.00626988 1 0.183327 0.183327 0 
57.6 0.0120688 0.0120688 1 0.180698 0.180698 0 
57.7 0.0293295 0.0293295 1 0.161928 0.161928 0 
57.8 0.0439702 0.0439702 1 0.128693 0.128693 0 
57.9 0.0546832 0.0546832 1 0.0839628 0.0839628 0 
58 0.0605116 0.0605116 1 0.0317323 0.0317323 0 
58.1 0.0609347 0.0609347 1 -0.0233327 -0.0233327 0 
58.2 0.0559147 0.0559147 1 -0.0763134 -0.0763134 0 
58.3 0.0459 0.0459 1 -0.122477 -0.122477 0 
58.4 0.0317853 0.0317853 1 -0.157701 -0.157701 0 
58.5 0.0148313 0.0148313 1 -0.178837 -0.178837 0 
58.6 -0.00344748 -0.00344748 1 -0.183998 -0.183998 0 
58.7 -0.0214183 -0.0214183 1 -0.172724 -0.172724 0 
58.8 -0.0374758 -0.0374758 1 -0.14602 -0.14602 0 
58.9 -0.0501857 -0.0501857 1 -0.106273 -0.106273 0 
59 -0.0584126 -0.0584126 1 -0.057033 -0.057033 0 
59.1 -0.0614217 -0.0614217 1 -0.00269832 -0.00269832 0 
59.2 -0.0589441 -0.0589441 1 0.0518774 0.0518774 0 
59.3 -0.0512012 -0.0512012 1 0.101819 0.101819 0 
59.4 -0.0388846 -0.0388846 1 0.142666 0.142666 0 
59.5 -0.0230945 -0.0230945 1 0.170768 0.170768 0 
59.6 -0.00524143 -0.00524143 1 0.183616 0.183616 0 
59.7 0.0130799 0.0130799 1 0.180063 0.180063 0 
59.8 0.0302328 0.0302328 1 0.160425 0.160425 0 
59.9 0.0446851 0.0446851 1 0.126456 0.126456 0 
60 0.0551459 0.0551459 1 0.0811919 0.0811919 0 
60.1 0.0606806 0.0606806 1 0.0286748 0.0286748 0 
60.2 0.060795 0.060795 1 -0.0264036 -0.0264036 0 
60.3 0.0554787 0.0554787 1 -0.0791236 -0.0791236 0 
60.4 0.0452067 0.0452067 1 -0.124776 -0.124776 0 
60.5 0.0308965 0.0308965 1 -0.159282 -0.159282 0 
60.6 0.0138264 0.0138264 1 -0.17956 -0.17956 0 
60.7 -0.00447875 -0.00447875 1 -0.183799 -0.183799 0 
60.8 -0.0223838 -0.0223838 1 -0.171619 -0.171619 0 
60.9 -0.0382895 -0.0382895 1 -0.144109 -0.144109 0 
61 -0.0507748 -0.0507748 1 -0.103727 -0.103727 0 
61.1 -0.0587246 -0.0587246 1 -0.0540785 -0.0540785 0 
61.2 -0.0614287 -0.0614287 1 0.000400407 0.000400407 0 
61.3 -0.0586456 -0.0586456 1 0.0548435 0.0548435 0 
61.4 -0.0506238 -0.0506238 1 0.104388 0.104388 0 
61.5 -0.03808 -0.03808 1 0.144607 0.144607 0 
61.6 -0.0221347 -0.0221347 1 0.171909 0.171909 0 
61.7 -0.00421208 -0.00421208 1 0.183855 0.183855 0 
61.8 0.0140867 0.0140867 1 0.179378 0.179378 0 
61.9 0.0311272 0.0311272 1 0.158877 0.158877 0 
62 0.0453871 0.0453871 1 0.124185 0.124185 0 
62.1 0.0555928 0.0555928 1 0.0783991 0.0783991 0 
62.2 0.0608324 0.0608324 1 0.0256103 0.0256103 0 
62.3 0.0606381 0.0606381 1 -0.0294662 -0.0294662 0 
62.4 0.0550272 0.0550272 1 -0.0819105 -0.0819105 0 
62.5 0.0445008 0.0445008 1 -0.127038 -0.127038 0 
62.6 0.0299993 0.0299993 1 -0.160818 -0.160818 0 
62.7 0.012818 0.012818 1 -0.180232 -0.180232 0 
62.8 -0.00550829 -0.00550829 1 -0.183546 -0.183546 0 
62.9 -0.0233425 -0.0233425 1 -0.170465 -0.170465 0 
63 -0.0390917 -0.0390917 1 -0.142157 -0.142157 0 
63.1 -0.0513489 -0.0513489 1 -0.10115 -0.10115 0 
63.2 -0.0590193 -0.0590193 1 -0.0511083 -0.0511083 0 
63.3 -0.0614176 -0.0614176 1 0.00349925 0.00349925 0 
63.4 -0.0583298 -0.0583298 1 0.0577942 0.0577942 0 
63.5 -0.0500314 -0.0500314 1 0.106927 0.106927 0 
63.6 -0.037264 -0.037264 1 0.146508 0.146508 0 
63.7 -0.0211678 -0.0211678 1 0.173002 0.173002 0 
63.8 -0.00318084 -0.00318084 1 0.184042 0.184042 0 
63.9 0.0150903 0.0150903 1 0.178642 0.178642 0 
64 0.0320135 0.0320135 1 0.157285 0.157285 0 
64.1 0.046077 0.046077 1 0.121878 0.121878 0 
64.2 0.0560246 0.0560246 1 0.0755838 0.0755838 0 
64.3 0.0609676 0.0609676 1 0.0225382 0.0225382 0 
64.4 0.0604647 0.0604647 1 -0.0325208 -0.0325208 0 
64.5 0.0545606 0.0545606 1 -0.0846747 -0.0846747 0 
64.6 0.0437828 0.0437828 1 -0.129265 -0.129265 0 
64.7 0.029094 0.029094 1 -0.162308 -0.162308 0 
64.8 0.0118063 0.0118063 1 -0.180853 -0.180853 0 
64.9 -0.00653598 -0.00653598 1 -0.183243 -0.183243 0 
65 -0.0242944 -0.0242944 1 -0.169264 -0.169264 0 
65.1 -0.0398827 -0.0398827 1 -0.140165 -0.140165 0 
65.2 -0.0519084 -0.0519084 1 -0.0985462 -0.0985462 0 
65.3 -0.0592972 -0.0592972 1 -0.0481242 -0.0481242 0 
65.4 -0.0613892 -0.0613892 1 0.00659663 0.00659663 0 
65.5 -0.0579975 -0.0579975 1 0.0607282 0.0607282 0 
65.6 -0.049425 -0.049425 1 0.109435 0.109435 0 
65.7 -0.0364375 -0.0364375 1 0.148366 0.148366 0 
65.8 -0.0201952 -0.0201952 1 0.174045 0.174045 0 
65.9 -0.00214887 -0.00214887 1 0.184176 0.184176 0 
66 0.0160894 0.0160894 1 0.177855 0.177855 0 
66.1 0.0328905 0.0328905 1 0.155648 0.155648 0 
66.2 0.0467535 0.0467535 1 0.119536 0.119536 0 
66.3 0.0564402 0.0564402 1 0.072747 0.072747 0 
66.4 0.0610853 0.0610853 1 0.0194595 0.0194595 0 
66.5 0.0602738 0.0602738 1 -0.0355663 -0.0355663 0 
66.6 0.0540782 0.0540782 1 -0.087415 -0.087415 0 
66.7 0.043052 0.043052 1 -0.131455 -0.131455 0 
66.8 0.0281801 0.0281801 1 -0.163753 -0.163753 0 
66.9 0.0107909 0.0107909 1 -0.181423 -0.181423 0 
67 -0.00756215 -0.00756215 1 -0.182887 -0.182887 0 
67.1 -0.0252397 -0.0252397 1 -0.168015 -0.168015 0 
67.2 -0.0406627 -0.0406627 1 -0.138134 -0.138134 0 
67.3 -0.0524534 -0.0524534 1 -0.0959139 -0.0959139 0 
67.4 -0.0595586 -0.0595586 1 -0.0451263 -0.0451263 0 
67.5 -0.0613437 -0.0613437 1 0.00969232 0.00969232 0 
67.6 -0.057649 -0.057649 1 0.0636451 0.0636451 0 
67.7 -0.0488048 -0.0488048 1 0.111913 0.111913 0 
67.8 -0.035601 -0.035601 1 0.150183 0.150183 0 
67.9 -0.019217 -0.019217 1 0.175039 0.175039 0 
68 -0.00111645 -0.00111645 1 0.184258 0.184258 0 
68.1 0.0170838 0.0170838 1 0.177019 0.177019 0 
68.2 0.033758 0.033758 1 0.153967 0.153967 0 
68.3 0.0474168 0.0474168 1 0.117161 0.117161 0 
68.4 0.0568399 0.0568399 1 0.0698898 0.0698898 0 
68.5 0.0611856 0.0611856 1 0.0163755 0.0163755 0 
68.6 0.0600659 0.0600659 1 -0.0386015 -0.0386015 0 
68.7 0.0535806 0.0535806 1 -0.0901304 -0.0901304 0 
68.8 0.0423091 0.0423091 1 -0.133608 -0.133608 0 
68.9 0.0272583 0.0272583 1 -0.165151 -0.165151 0 
69 0.00977259 0.00977259 1 -0.181942 -0.181942 0 
69.1 -0.0085861 -0.0085861 1 -0.18248 -0.18248 0 
69.2 -0.0261778 -0.0261778 1 -0.166718 -0.166718 0 
69.3 -0.0414312 -0.0414312 1 -0.136063 -0.136063 0 
69.4 -0.0529836 -0.0529836 1 -0.0932544 -0.0932544 0 
69.5 -0.0598031 -0.0598031 1 -0.0421156 -0.0421156 0 
69.6 -0.0612807 -0.0612807 1 0.0127853 0.0127853 0 
69.7 -0.0572842 -0.0572842 1 0.0665442 0.0665442 0 
69.8 -0.0481706 -0.0481706 1 0.114359 0.114359 0 
69.9 -0.0347542 -0.0347542 1 0.151958 0.151958 0 
70 -0.0182332 -0.0182332 1 0.175983 0.175983 0 
70.1 -8.35701e-05 -8.35701e-05 1 0.184289 0.184289 0 
70.2 0.0180736 0.0180736 1 0.176132 0.176132 0 
70.3 0.0346162 0.0346162 1 0.152242 0.152242 0 
70.4 0.0480667 0.0480667 1 0.114753 0.114753 0 
70.5 0.0572236 0.0572236 1 0.0670128 0.0670128 0 
70.6 0.0612688 0.0612688 1 0.0132868 0.0132868 0 
70.7 0.0598411 0.0598411 1 -0.041626 -0.041626 0 
70.8 0.0530679 0.0530679 1 -0.0928204 -0.0928204 0 
70.9 0.0415544 0.0415544 1 -0.135724 -0.135724 0 
71 0.0263289 0.0263289 1 -0.166503 -0.166503 0 
71.1 0.00875155 0.00875155 1 -0.182409 -0.182409 0 
71.2 -0.00960756 -0.00960756 1 -0.182021 -0.182021 0 
71.3 -0.0271085 -0.0271085 1 -0.165374 -0.165374 0 
71.4 -0.0421878 -0.0421878 1 -0.133954 -0.133954 0 
71.5 -0.0534987 -0.0534987 1 -0.0905686 -0.0905686 0 
71.6 -0.0600307 -0.0600307 1 -0.039093 -0.039093 0 
71.7 -0.0612003 -0.0612003 1 0.0158747 0.0158747 0 
71.8 -0.0569031 -0.0569031 1 0.0694243 0.0694243 0 
71.9 -0.0475229 -0.0475229 1 0.116772 0.116772 0 
72 -0.0338976 -0.0338976 1 0.15369 0.15369 0 
72.1 -0.0172443 -0.0172443 1 0.176878 0.176878 0 
72.2 0.000949313 0.000949313 1 0.184267 0.184267 0 
72.3 0.0190582 0.0190582 1 0.175195 0.175195 0 
72.4 0.0354646 0.0354646 1 0.150474 0.150474 0 
72.5 0.0487031 0.0487031 1 0.112312 0.112312 0 
72.6 0.0575911 0.0575911 1 0.0641168 0.0641168 0 
72.7 0.0613346 0.0613346 1 0.0101944 0.0101944 0 
72.8 0.0595993 0.0595993 1 -0.0446386 -0.0446386 0 
72.9 0.0525402 0.0525402 1 -0.0954842 -0.0954842 0 
73 0.0407878 0.0407878 1 -0.1378 -0.1378 0 
73.1 0.025392 0.025392 1 -0.167807 -0.167807 0 
73.2 0.00772798 0.00772798 1 -0.182825 -0.182825 0 
73.3 -0.0106264 -0.0106264 1 -0.181511 -0.181511 0 
73.4 -0.0280315 -0.0280315 1 -0.163983 -0.163983 0 
73.5 -0.0429326 -0.0429326 1 -0.131807 -0.131807 0 
73.6 -0.0539987 -0.0539987 1 -0.0878572 -0.0878572 0 
73.7 -0.0602413 -0.0602413 1 -0.0360594 -0.0360594 0 
73.8 -0.0611027 -0.0611027 1 0.0189595 0.0189595 0 
73.9 -0.056506 -0.056506 1 0.0722848 0.0722848 0 
74 -0.0468617 -0.0468617 1 0.119153 0.119153 0 
74.1 -0.0330314 -0.0330314 1 0.155378 0.155378 0 
74.2 -0.0162506 -0.0162506 1 0.177723 0.177723 0 
74.3 0.00198189 0.00198189 1 0.184193 0.184193 0 
74.4 0.0200373 0.0200373 1 0.174209 0.174209 0 
74.5 0.0363029 0.0363029 1 0.148664 0.148664 0 
74.6 0.0493256 0.0493256 1 0.109839 0.109839 0 
74.7 0.0579423 0.0579423 1 0.0612027 0.0612027 0 
74.8 0.0613831 0.0613831 1 0.00709908 0.00709908 0 
74.9 0.0593407 0.0593407 1 -0.0476387 -0.0476387 0 
75 0.0519976 0.0519976 1 -0.098121 -0.098121 0 
75.1 0.0400098 0.0400098 1 -0.139838 -0.139838 0 
75.2 0.0244479 0.0244479 1 -0.169065 -0.169065 0 
75.3 0.00670223 0.00670223 1 -0.183189 -0.183189 0 
75.4 -0.0116422 -0.0116422 1 -0.180949 -0.180949 0 
75.5 -0.0289466 -0.0289466 1 -0.162546 -0.162546 0 
75.6 -0.0436653 -0.0436653 1 -0.129623 -0.129623 0 
75.7 -0.0544835 -0.0544835 1 -0.085121 -0.085121 0 
75.8 -0.0604349 -0.0604349 1 -0.0330156 -0.0330156 0 
75.9 -0.0609878 -0.0609878 1 0.022039 0.022039 0 
76 -0.0560928 -0.0560928 1 0.0751249 0.0751249 0 
76.1 -0.0461873 -0.0461873 1 0.1215 0.1215 0 
76.2 -0.032156 -0.032156 1 0.157022 0.157022 0 
76.3 -0.0152522 -0.0152522 1 0.178518 0.178518 0 
76.4 0.00301393 0.00301393 1 0.184067 0.184067 0 
76.5 0.0210109 0.0210109 1 0.173174 0.173174 0 
76.6 0.037131 0.037131 1 0.146812 0.146812 0 
76.7 0.0499343 0.0499343 1 0.107336 0.107336 0 
76.8 0.0582771 0.0582771 1 0.0582713 0.0582713 0 
76.9 0.0614142 0.0614142 1 0.00400177 0.00400177 0 
77 0.0590653 0.0590653 1 -0.0506252 -0.0506252 0 
77.1 0.0514404 0.0514404 1 -0.10073 -0.10073 0 
77.2 0.0392204 0.0392204 1 -0.141837 -0.141837 0 
77.3 0.0234969 0.0234969 1 -0.170274 -0.170274 0 
77.4 0.0056746 0.0056746 1 -0.183501 -0.183501 0 
77.5 -0.0126546 -0.0126546 1 -0.180336 -0.180336 0 
77.6 -0.0298535 -0.0298535 1 -0.161063 -0.161063 0 
77.7 -0.0443856 -0.0443856 1 -0.127402 -0.127402 0 
77.8 -0.0549529 -0.0549529 1 -0.0823607 -0.0823607 0 
77.9 -0.0606114 -0.0606114 1 -0.0299624 -0.0299624 0 
78 -0.0608556 -0.0608556 1 0.0251123 0.0251123 0 
78.1 -0.0556639 -0.0556639 1 0.0779437 0.0779437 0 
78.2 -0.0454998 -0.0454998 1 0.123813 0.123813 0 
78.3 -0.0312714 -0.0312714 1 0.158622 0.158622 0 
78.4 -0.0142496 -0.0142496 1 0.179262 0.179262 0 
78.5 0.00404512 0.00404512 1 0.183889 0.183889 0 
78.6 0.0219785 0.0219785 1 0.17209 0.17209 0 
78.7 0.0379485 0.0379485 1 0.144918 0.144918 0 
78.8 0.0505288 0.0505288 1 0.104802 0.104802 0 
78.9 0.0585954 0.0585954 1 0.0553234 0.0553234 0 
79 0.0614279 0.0614279 1 0.00090331 0.00090331 0 
79.1 0.0587733 0.0587733 1 -0.0535975 -0.0535975 0 
79.2 0.0508685 0.0508685 1 -0.103311 -0.103311 0 
79.3 0.0384199 0.0384199 1 -0.143795 -0.143795 0 
79.4 0.0225393 0.0225393 1 -0.171435 -0.171435 0 
79.5 0.00464536 0.00464536 1 -0.183761 -0.183761 0 
79.6 -0.0136635 -0.0136635 1 -0.179672 -0.179672 0 
79.7 -0.0307519 -0.0307519 1 -0.159534 -0.159534 0 
79.8 -0.0450933 -0.0450933 1 -0.125145 -0.125145 0 
79.9 -0.0554067 -0.0554067 1 -0.0795771 -0.0795771 0 
80 -0.0607707 -0.0607707 1 -0.0269008 -0.0269008 0 
80.1 -0.0607063 -0.0607063 1 0.0281784 0.0281784 0 
80.2 -0.0552192 -0.0552192 1 0.0807406 0.0807406 0 
80.3 -0.0447994 -0.0447994 1 0.12609 0.12609 0 
80.4 -0.0303779 -0.0303779 1 0.160177 0.160177 0 
80.5 -0.0132429 -0.0132429 1 0.179955 0.179955 0 
80.6 0.00507516 0.00507516 1 0.183659 0.183659 0 
80.7 0.0229398 0.0229398 1 0.170957 0.170957 0 
80.8 0.0387554 0.0387554 1 0.142984 0.142984 0 
80.9 0.051109 0.051109 1 0.102238 0.102238 0 
81 0.0588972 0.0588972 1 0.0523599 0.0523599 0 
81.1 0.0614243 0.0614243 1 -0.00219539 -0.00219539 0 
81.2 0.0584645 0.0584645 1 -0.0565546 -0.0565546 0 
81.3 0.0502823 0.0502823 1 -0.105862 -0.105862 0 
81.4 0.0376086 0.0376086 1 -0.145713 -0.145713 0 
81.5 0.0215753 0.0215753 1 -0.172548 -0.172548 0 
81.6 0.0036148 0.0036148 1 -0.183969 -0.183969 0 
81.7 -0.0146686 -0.0146686 1 -0.178958 -0.178958 0 
81.8 -0.0316417 -0.0316417 1 -0.15796 -0.15796 0 
81.9 -0.0457883 -0.0457883 1 -0.122853 -0.122853 0 
82 -0.0558448 -0.0558448 1 -0.076771 -0.076771 0 
82.1 -0.0609129 -0.0609129 1 -0.0238316 -0.0238316 0 
82.2 -0.0605398 -0.0605398 1 0.0312366 0.0312366 0 
82.3 -0.0547588 -0.0547588 1 0.0835145 0.0835145 0 
82.4 -0.0440864 -0.0440864 1 0.128332 0.128332 0 
82.5 -0.0294759 -0.0294759 1 0.161687 0.161687 0 
82.6 -0.0122324 -0.0122324 1 0.180598 0.180598 0 
82.7 0.00610377 0.00610377 1 0.183377 0.183377 0 
82.8 0.0238947 0.0238947 1 0.169775 0.169775 0 
82.9 0.0395512 0.0395512 1 0.141008 0.141008 0 
83 0.0516748 0.0516748 1 0.0996455 0.0996455 0 
83.1 0.0591823 0.0591823 1 0.0493816 0.0493816 0 
83.2 0.0614033 0.0614033 1 -0.00529348 -0.00529348 0 
83.3 0.0581393 0.0581393 1 -0.0594957 -0.0594957 0 
83.4 0.0496819 0.0496819 1 -0.108383 -0.108383 0 
83.5 0.0367866 0.0367866 1 -0.147589 -0.147589 0 
83.6 0.0206052 0.0206052 1 -0.173612 -0.173612 0 
83.7 0.00258323 0.00258323 1 -0.184126 -0.184126 0 
83.8 -0.0156695 -0.0156695 1 -0.178193 -0.178193 0 
83.9 -0.0325225 -0.0325225 1 -0.156342 -0.156342 0 
84 -0.0464704 -0.0464704 1 -0.120526 -0.120526 0 
84.1 -0.0562672 -0.0562672 1 -0.0739432 -0.0739432 0 
84.2 -0.0610378 -0.0610378 1 -0.0207556 -0.0207556 0 
84.3 -0.0603562 -0.0603562 1 0.034286 0.034286 0 
84.4 -0.054283 -0.054283 1 0.0862649 0.0862649 0 
84.5 -0.0433609 -0.0433609 1 0.130538 0.130538 0 
84.6 -0.0285656 -0.0285656 1 0.163151 0.163151 0 
84.7 -0.0112185 -0.0112185 1 0.181189 0.181189 0 
84.8 0.00713065 0.00713065 1 0.183043 0.183043 0 
84.9 0.0248429 0.0248429 1 0.168546 0.168546 0 
85 0.0403359 0.0403359 1 0.138993 0.138993 0 
85.1 0.0522259 0.0522259 1 0.0970248 0.0970248 0 
85.2 0.0594507 0.0594507 1 0.0463893 0.0463893 0 
85.3 0.061365 0.061365 1 -0.00839007 -0.00839007 0 
85.4 0.0577977 0.0577977 1 -0.06242 -0.06242 0 
85.5 0.0490675 0.0490675 1 -0.110874 -0.110874 0 
85.6 0.0359542 0.0359542 1 -0.149424 -0.149424 0 
85.7 0.0196293 0.0196293 1 -0.174627 -0.174627 0 
85.8 0.00155092 0.00155092 1 -0.18423 -0.18423 0 
85.9 -0.016666 -0.016666 1 -0.177377 -0.177377 0 
86 -0.0333941 -0.0333941 1 -0.154679 -0.154679 0 
86.1 -0.0471393 -0.0471393 1 -0.118164 -0.118164 0 
86.2 -0.0566737 -0.0566737 1 -0.0710945 -0.0710945 0 
86.3 -0.0611455 -0.0611455 1 -0.0176738 -0.0176738 0 
86.4 -0.0601555 -0.0601555 1 0.0373257 0.0373257 0 
86.5 -0.0537919 -0.0537919 1 0.0889909 0.0889909 0 
86.6 -0.0426232 -0.0426232 1 0.132707 0.132707 0 
86.7 -0.0276471 -0.0276471 1 0.164568 0.164568 0 
86.8 -0.0102015 -0.0102015 1 0.18173 0.18173 0 
86.9 0.00815551 0.00815551 1 0.182658 0.182658 0 
87 0.025784 0.025784 1 0.167269 0.167269 0 
87.1 0.0411092 0.0411092 1 0.136939 0.136939 0 
87.2 0.0527623 0.0527623 1 0.0943767 0.0943767 0 
87.3 0.0597023 0.0597023 1 0.0433839 0.0433839 0 
87.4 0.0613093 0.0613093 1 -0.0114843 -0.0114843 0 
87.5 0.0574396 0.0574396 1 -0.0653266 -0.0653266 0 
87.6 0.0484391 0.0484391 1 -0.113333 -0.113333 0 
87.7 0.0351117 0.0351117 1 -0.151217 -0.151217 0 
87.8 0.0186478 0.0186478 1 -0.175592 -0.175592 0 
87.9 0.000518176 0.000518176 1 -0.184282 -0.184282 0 
88 -0.0176577 -0.0176577 1 -0.176511 -0.176511 0 
88.1 -0.0342563 -0.0342563 1 -0.152973 -0.152973 0 
88.2 -0.0477949 -0.0477949 1 -0.11577 -0.11577 0 
88.3 -0.0570641 -0.0570641 1 -0.0682257 -0.0682257 0 
88.4 -0.0612359 -0.0612359 1 -0.0145869 -0.0145869 0 
88.5 -0.0599378 -0.0599378 1 0.0403548 0.0403548 0 
88.6 -0.0532855 -0.0532855 1 0.0916917 0.0916917 0 
88.7 -0.0418734 -0.0418734 1 0.134838 0.134838 0 
88.8 -0.0267209 -0.0267209 1 0.16594 0.16594 0 
88.9 -0.0091815 -0.0091815 1 0.182219 0.182219 0 
89 0.00917807 0.00917807 1 0.18222 0.18222 0 
89.1 0.0267178 0.0267178 1 0.165945 0.165945 0 
89.2 0.0418709 0.0418709 1 0.134846 0.134846 0 
89.3 0.0532838 0.0532838 1 0.0917019 0.0917019 0 
89.4 0.059937 0.059937 1 0.0403662 0.0403662 0 
89.5 0.0612362 0.0612362 1 -0.0145752 -0.0145752 0 
89.6 0.0570654 0.0570654 1 -0.0682148 -0.0682148 0 
89.7 0.0477971 0.0477971 1 -0.115761 -0.115761 0 
89.8 0.0342592 0.0342592 1 -0.152966 -0.152966 0 
89.9 0.017661 0.017661 1 -0.176508 -0.176508 0 
90 -0.000514716 -0.000514716 1 -0.184282 -0.184282 0 
90.1 -0.0186445 -0.0186445 1 -0.175596 -0.175596 0 
90.2 -0.0351088 -0.0351088 1 -0.151223 -0.151223 0 
90.3 -0.048437 -0.048437 1 -0.113343 -0.113343 0 
90.4 -0.0574384 -0.0574384 1 -0.0653376 -0.0653376 0 
90.5 -0.061309 -0.061309 1 -0.011496 -0.011496 0 
90.6 -0.0597031 -0.0597031 1 0.0433725 0.0433725 0 
90.7 -0.0527641 -0.0527641 1 0.0943666 0.0943666 0 
90.8 -0.0411118 -0.0411118 1 0.136931 0.136931 0 
90.9 -0.0257871 -0.0257871 1 0.167264 0.167264 0 
91 -0.00815894 -0.00815894 1 0.182656 0.182656 0 
91.1 0.010198 0.010198 1 0.181732 0.181732 0 
91.2 0.0276441 0.0276441 1 0.164574 0.164574 0 
91.3 0.0426207 0.0426207 1 0.132715 0.132715 0 
91.4 0.0537902 0.0537902 1 0.0890012 0.0890012 0 
91.5 0.0601548 0.0601548 1 0.0373371 0.0373371 0 
91.6 0.0611459 0.0611459 1 -0.0176621 -0.0176621 0 
91.7 0.056675 0.056675 1 -0.0710836 -0.0710836 0 
91.8 0.0471415 0.0471415 1 -0.118155 -0.118155 0 
91.9 0.033397 0.033397 1 -0.154673 -0.154673 0 
92 0.0166693 0.0166693 1 -0.177374 -0.177374 0 
92.1 -0.00154746 -0.00154746 1 -0.18423 -0.18423 0 
92.2 -0.019626 -0.019626 1 -0.17463 -0.17463 0 
92.3 -0.0359514 -0.0359514 1 -0.149431 -0.149431 0 
92.4 -0.0490654 -0.0490654 1 -0.110883 -0.110883 0 
92.5 -0.0577965 -0.0577965 1 -0.062431 -0.062431 0 
92.6 -0.0613648 -0.0613648 1 -0.00840179 -0.00840179 0 
92.7 -0.0594516 -0.0594516 1 0.0463779 0.0463779 0 
92.8 -0.0522277 -0.0522277 1 0.0970148 0.0970148 0 
92.9 -0.0403385 -0.0403385 1 0.138986 0.138986 0 
93 -0.024846 -0.024846 1 0.168541 0.168541 0 
93.1 -0.00713409 -0.00713409 1 0.183042 0.183042 0 
93.2 0.0112151 0.0112151 1 0.181192 0.181192 0 
93.3 0.0285625 0.0285625 1 0.163156 0.163156 0 
93.4 0.0433585 0.0433585 1 0.130546 0.130546 0 
93.5 0.0542814 0.0542814 1 0.0862753 0.0862753 0 
93.6 0.0603555 0.0603555 1 0.0342975 0.0342975 0 
93.7 0.0610382 0.0610382 1 -0.020744 -0.020744 0 
93.8 0.0562686 0.0562686 1 -0.0739324 -0.0739324 0 
93.9 0.0464727 0.0464727 1 -0.120517 -0.120517 0 
94 0.0325255 0.0325255 1 -0.156336 -0.156336 0 
94.1 0.0156728 0.0156728 1 -0.17819 -0.17819 0 
94.2 -0.00257977 -0.00257977 1 -0.184126 -0.184126 0 
94.3 -0.0206019 -0.0206019 1 -0.173616 -0.173616 0 
94.4 -0.0367838 -0.0367838 1 -0.147596 -0.147596 0 
94.5 -0.0496799 -0.0496799 1 -0.108393 -0.108393 0 
94.6 -0.0581382 -0.0581382 1 -0.0595068 -0.0595068 0 
94.7 -0.0614032 -0.0614032 1 -0.00530521 -0.00530521 0 
94.8 -0.0591832 -0.0591832 1 0.0493703 0.0493703 0 
94.9 -0.0516766 -0.0516766 1 0.0996356 0.0996356 0 
95 -0.0395539 -0.0395539 1 0.141001 0.141001 0 
95.1 -0.0238979 -0.0238979 1 0.169771 0.169771 0 
95.2 -0.00610721 -0.00610721 1 0.183376 0.183376 0 
95.3 0.012229 0.012229 1 0.1806 0.1806 0 
95.4 0.0294729 0.0294729 1 0.161692 0.161692 0 
95.5 0.044084 0.044084 1 0.128341 0.128341 0 
95.6 0.0547573 0.0547573 1 0.083525 0.083525 0 
95.7 0.0605392 0.0605392 1 0.0312482 0.0312482 0 
95.8 0.0609133 0.0609133 1 -0.0238199 -0.0238199 0 
95.9 0.0558463 0.0558463 1 -0.0767603 -0.0767603 0 
96 0.0457906 0.0457906 1 -0.122844 -0.122844 0 
96.1 0.0316447 0.0316447 1 -0.157954 -0.157954 0 
96.2 0.014672 0.014672 1 -0.178955 -0.178955 0 
96.3 -0.00361135 -0.00361135 1 -0.18397 -0.18397 0 
96.4 -0.0215721 -0.0215721 1 -0.172552 -0.172552 0 
96.5 -0.0376058 -0.0376058 1 -0.14572 -0.14572 0 
96.6 -0.0502803 -0.0502803 1 -0.105871 -0.105871 0 
96.7 -0.0584635 -0.0584635 1 -0.0565657 -0.0565657 0 
96.8 -0.0614243 -0.0614243 1 -0.00220713 -0.00220713 0 
96.9 -0.0588982 -0.0588982 1 0.0523486 0.0523486 0 
97 -0.0511109 -0.0511109 1 0.102228 0.102228 0 
97.1 -0.038758 -0.038758 1 0.142976 0.142976 0 
97.2 -0.022943 -0.022943 1 0.170952 0.170952 0 
97.3 -0.00507861 -0.00507861 1 0.183658 0.183658 0 
97.4 0.0132395 0.0132395 1 0.179958 0.179958 0 
97.5 0.0303749 0.0303749 1 0.160183 0.160183 0 
97.6 0.0447971 0.0447971 1 0.126099 0.126099 0 
97.7 0.0552176 0.0552176 1 0.0807511 0.0807511 0 
97.8 0.0607058 0.0607058 1 0.02819 0.02819 0 
97.9 0.0607712 0.0607712 1 -0.0268892 -0.0268892 0 
98 0.0554082 0.0554082 1 -0.0795665 -0.0795665 0 
98.1 0.0450957 0.0450957 1 -0.125136 -0.125136 0 
98.2 0.0307549 0.0307549 1 -0.159528 -0.159528 0 
98.3 0.0136669 0.0136669 1 -0.17967 -0.17967 0 
98.4 -0.00464191 -0.00464191 1 -0.183762 -0.183762 0 
98.5 -0.0225361 -0.0225361 1 -0.171439 -0.171439 0 
98.6 -0.0384172 -0.0384172 1 -0.143803 -0.143803 0 
98.7 -0.0508666 -0.0508666 1 -0.10332 -0.10332 0 
98.8 -0.0587722 -0.0587722 1 -0.0536087 -0.0536087 0 
98.9 -0.0614279 -0.0614279 1 0.000891577 0.000891577 0 
99 -0.0585965 -0.0585965 1 0.0553122 0.0553122 0 
99.1 -0.0505307 -0.0505307 1 0.104792 0.104792 0 
99.2 -0.0379512 -0.0379512 1 0.144911 0.144911 0 
99.3 -0.0219817 -0.0219817 1 0.172085 0.172085 0 
99.4 -0.00404857 -0.00404857 1 0.183888 0.183888 0 
99.5 0.0142462 0.0142462 1 0.179265 0.179265 0 
99.6 0.0312684 0.0312684 1 0.158628 0.158628 0 
99.7 0.0454975 0.0454975 1 0.123821 0.123821 0 
99.8 0.0556624 0.0556624 1 0.0779544 0.0779544 0 
99.9 0.0608552 0.0608552 1 0.0251239 0.0251239 0 
100 0.0606119 0.0606119 1 -0.0299508 -0.0299508 0 
